0
5.6389962040624
12.5417813002696
23.8086208890605
12.247044228235
2.358122987492
3.2851536030418993
8.02980283286
3.5339298639562005
32.1748706595808
5.713771964375999
-4.175529564329755
29.250506320461604
78.93672268210483
2.358122987492
38.93109035451317
12.001918783260201
38.93109035451317
5.347035890981999
4.414522192691999
1.0830826616105997
38.93109035451317
38.93109035451317
3.5360872177120006
4.4270775975553995
-2.1366436251770002
4.79001504892088
3.247226231794
14.194163496377998
38.93109035451317
38.93109035451317
-0.623455389546
-2.135893282776
4.9867232011760425
1.6911974435853003
-3.2546038440135012
25.368487618771898
0.913872199994
4.543256678063001
-3.750722115388399
-1.010786616797
36.536821432842
60.36980760035133
-0.427161694657
24.976564772566498
41.63857322730941
1.3704299600170002
15.057900577771
13.097754578941
6.2798800477285
4.03930681748
14.881891572140997
136.5904581046717
6.521023517254761
4.3789635889452
15.362706121307404
53.947338890173604
23.5793443125775
2.00145866052929
-0.1992063416021
3.266354878337
-1.5127392055972
10.352506765933
5.398997891183755
-1.068807838578
6.2076925438884
5.5297224287872
-1.4505853155447999
5.0511676099
53.947338890173604
104.97748065293732
47.94202204630615
-2.3180633432570703
370.381712528079
5.279739107308
104.97748065293732
-7.350399323312071
7.81199474426265
21.4142372559252
64.58494951506218
6.55235003887
-3.288922147924
2.9544533906029997
-2.163716388528
103.23575146461525
-3.648207811774
0.5538648479830002
-0.7348721246340002
1.620284666677
64.58494951506218
44.32023924656037
-0.11823391745
105.51580673090325
107.88802148012223
64.58494951506218
-4.1561212512747
-5.431029474296699
72.39980921161475
1.396859436261
9.053968888859
2.564061230007
66.75287093610818
13.814095361869999
3.6764803129622
41.28134844554476
48.70472376198205
53.280915665887576
-4.80281801238205
-5.135648636954
13.266035291385
16.2867253777465
29.92160133355901
32.05737090921828
4.704753658812627
39.41136915384076
2.80425214917
-3.759318791591851
1.7873104830364985
-3.618608348313
30.806892781555256
-0.4972151661830002
69.06595044535679
2.244201437441216
1.3372959607466002
-5.063708261873632
-25.087823724274262
8.940697950032002
1.994151007957
-2.6404364722530005
47.059600756184096
12.397343782590001
-0.05646789869100005
-1.8005492768319997
10.198642011564699
9.3798555894495
-0.8597579452688999
1.8733277095051002
-4.197267746470541
0.30737409416999983
4.029532247707699
34.96317419873776
113.37980152471219
1.3019602111603
-3.0079164507150002
-0.010813114863199802
-2.139185877844
0.415829342033
2.365122734473
0.41705512969000014
1.9735355594766002
41.942847453806
41.63857322730941
-1.9516281618257443
16.789872158164002
0.297347130066
-2.3649020339364
2.7295246794460004
2.23398954948483
-2.0149700888310003
3.2238726152932005
15.603537958642999
-1.4505853155447999
0.487302906087
33.22854579438376
15.787456241225351
1.4965549513355
11.064561344435422
2.23931163679
-3.457483177041
5.518695164228999
2.51484110868728
-1.2784785196289
6.2798800477285
173.7650101863423
0
9.553906039941
1.3834127906842
23.5793443125775
4.599953692855599
-4.223359241009
8.292400479767
15.764090981460756
4.581917852318922
0.116161456437
4.7761283548504485
9.341543331492131
2.667044744387998
5.58198226707
-8.610761453784999
-0.14328883634400003
-1.8111001974640002
38.284658630178065
-13.8057452521805
-2.8156761638261747
-3.857727301659
6.250767009302662
99.61325417133693
-0.110114412756
3.4528242455719997
-3.4536249973215996
-8.59259971814828
-0.07703488207700014
-12.47941522480971
7.070310259619961
-3.064768014120401
0
0.5000333961282999
-1.5794802114780002
-3.714683292994175
7.89325376786
4.66910023365615
1.726987630584
1.6921665267355
0.505061238307
0
-13.012788047193801
-2.0008579275620004
-1.010786616797
624.464577044464
-4.0427181033963
14.22179659113951
-1.3472148423286006
0.20249940972617037
2.40675069094
0.527902384084
0.436414259346
-13.212513384362001
0
6.2810884259152004
-3.9379081887559
-4.598474960041
21.8163280742989
-0.22786503728389995
211.7926893451174
-2.82147490724
-0.834227341725
-10.131964908288834
-0.0128614150159998
-2.83705658526545
96.43524431949618
-13.912557221489052
3.764909066469
273.85838845933165
22.962627933307854
17.222241777265005
10.439649038092
16.9887583426648
6.2798800477285
14.004771949205999
-2.289876035226
23.5793443125775
5.3699027996540005
52.88443717337928
0.8849902915980001
1.3267964414808302
-2.0229856283766
0.44333529459800003
1.66299374875834
11.06677841887
60.6506623939157
-9.6266691175795
7.150596782076
0.05093362007920001
0.25308113093800005
1.758518397241
-1.4505853155447999
-1.9436778150520002
6.876898768831
44.38886979803078
7.904621487409
42.683813950182405
1.37846341627
21.0752356071671
2.578104075823
-7.2135259437523995
16.537555192985902
3.64274997319
-4.43666955970597
-1.5763897587309998
-9.827369971823881
39.014668134614
0.9675825449347999
-12.8413055835635
0
-0.6661321960509999
-2.64840975497
-1.45706003478533
-0.14328883634400003
-2.9071265607214003
-0.971174880633
8.7822048656992
-7.350548095467001
1.718124953201539
0.16073011490910016
5.758980595874
21.332303963394
2.36054739785
0.8485615645769999
-2.0665960542133996
3.0079286399629988
-6.110226365028001
1.160748790146
2.8510277196300002
1.307431374803
-0.332590759257
3.064414474058
0.487322417682
11.960583038335699
4.467507880506
-0.19044689172400026
8.52145100531603
6.8929230317296994
-4.563039713364001
0.4302949604980001
5.604158074484
-1.21209053521
1.6267119869834998
13.321430908109
2.2421260756429997
-0.487619301716
-3.6248945010819997
16.30947954223597
3.0877399818965
8.063951570599999
5.421040741124
-0.49411027261600005
-13.787809894250074
16.698261495329998
-2.482439525997
-5.436771630868999
4.3789635889452
-0.9154616311904887
0
7.1003626868675
-0.10722437255640016
19.810456354734
0
1.1872527665024994
4.483112238762001
2.923597629406
24.43518534061138
-3.103391026014
16.952382936470695
-0.3658815066533
-1.4505853155447999
3.59634758735
16.698261495329998
15.603537958642999
0.3614881175389999
-2.6688998802560002
-2.237308608295
3.9775903576752
5.5297224287872
16.16916982036216
1.566389630487
6.576303070553499
-0.139320588582998
17.46033685497482
6.2798800477285
-0.8074470565559997
23.5793443125775
1.3994802589340005
8.3465442171964
8.8141783891886
-0.110114412756
-1.6445783282734
12.287612476229999
58.31559199582376
3.8057939334883297
2.543637257693601
-1.775284850562
-1.7038599641580001
0
5.1218948685243
0.4094713990451
3.17149019437
2.943714629069001
8.536015728503
5.291472126906414
-3.585871772107849
-1.3283026873508401
-1.3600386669925
19.200171424660006
193.9047323255283
11.746698156651055
3.8260189175051997
2.0480755209848005
-2.3977611248155
19.121268391354544
9.245526084306
7.3584552778324
7.252880250233001
0.2698808053013
2.6673749015270003
-1.7767874577479998
0.7791386725730001
4.914778621176
6.9350577274388
16.72412485777557
1.4555879715787998
-2.2903185966756
-4.570270924815602
-7.274413899366401
3.2553496558203
-1.6103229711885998
-0.06616367970010004
4.80597167007
3.923874214575
10.154731110343999
-0.37487188424900003
-4.235642517458
272.2510214074169
4.557158816503
-10.362251473044761
-2.2001876441575003
10.1180427513413
-3.488456013963
-2.961689337898
-2.98013755059
-1.5543263264370002
27.431645984022886
5.55868751690563
6.181805451797899
-4.2770158526295
-3.921049114788
5.5695718806359595
-1.4629185532956002
15.062297221599176
2.248008574736
-1.4505853155447999
-1.2521898483776
-0.12340728238100007
3.2238726152932005
1.018328605047
-2.023932622199
-1.3044131530096998
0
5.5297224287872
12.396820110866802
0
-1.010786616797
4.0726085363411
0.76053681772
7.3469157683954
-0.7636433215289997
30.257106785301488
-1.818672045895
1.59885813049
2.0065981194900004
11.58340762618974
-1.2432962308870001
1.6918636552494002
0.701645220701
5.518695164228999
-0.110114412756
-1.2911887864329996
-1.9063823734932703
-2.250252796635
0
-2.0492765871099996
-5.3189946187366
-2.122660648352498
-0.981236005568
0.7786010139135
5.070691624591
2.344274079655
-2.3194710482481997
9.949565180641587
4.138200736852139
3.4807997421300003
-4.4584552747657
11.7918183869252
4.6394797957369
-3.860381893457
-1.4888695925970001
38.040111756907855
4.6708429879682996
17.30615407671196
-0.809584404066
-6.5312727369272014
2.234143758642
44.695620015172324
10.940814016043014
-1.3120617220559998
4.893592363784601
-5.707711820227
3.3784068065645005
2.369594385706997
-1.468882887872
6.244852177935
-2.68211785724
-0.10325869562646983
-7.664265962116
1.3076944907281
-4.086129433323
0
6.187614307401
1.0147790723280001
2.234143758642
0
-2.482439525997
-8.619695272051
-9.922197886723499
0.03789081465799993
18.82293653636816
11.9866775360298
6.069367638083199
1.62275171169306
-0.8109605473650003
5.4444693288299995
22.3322803521065
13.394437113019997
3.2238726152932005
-1.4505853155447999
5.5297224287872
1.7891570231869998
0.0096523291731
-2.6215045674347
1.6888859173250002
2.9646527352872
2.377744108922
-5.851033089598
23.5793443125775
3.6570658728647505
21.141500827691
3.5921551048405
8.839579814890001
14.927319634999598
2.816770375007
15.021515697111202
12.000345431062698
22.092256724454398
-7.108960181548101
-6.522317724322998
0.016144589788799957
-8.232287356613998
-0.110114412756
-0.7279010531438008
-0.3794887713316001
-2.9996874921643
20.495808342157996
21.86154072299727
4.731921056534
11.623511538679999
3.7591365775782997
-1.38899748421
20.157743900020797
0.7172923074429975
5.131577730008999
-1.055697668044
-2.482439525997
20.363479091609697
2.3679004210629997
2.604990299864
4.8018700715281994
2.11790336443
3.4715956735280007
11.476125653132769
-1.6737226376803
37.6372178117479
-1.9678846946930004
-8.694013276996467
0.6826665460826998
-3.122084546426
-2.173214810898
15.6264610497146
0.88805978296
5.518695164228999
0.04111585689015991
5.518695164228999
-0.110114412756
5.518695164228999
5.518695164228999
5.518695164228999
5.518695164228999
1.6249659023160001
5.518695164228999
5.518695164228999
5.518695164228999
0
194.21361702867887
5.518695164228999
0.9739698177615999
5.518695164228999
0.49410260079409996
141.01515005584966
0
5.2850262544277005
10.8040887024727
0.08569549750099997
1.4807380459111998
0
0
13.27893805990252
5.518695164228999
-3.413461052768
8.624044804793998
5.518695164228999
0.00244662991013
2.1733298496139994
142.15144140629712
0.355081832197
4.447016972341249
-2.9295069985460005
4.095256501359401
1.36012523256
-0.2291990926894003
3.8664396854770002
1.1394623483129998
-1.318264392807
-2.5240004434348497
-0.427161694657
3.941828774919
214.94598252897322
25.358796173039003
24.810762381273115
-1.345120687377
7.991874332940999
4.3789635889452
7.847602144383409
25.358796173039003
-0.5911392416072987
-0.09871975484700002
5.7900318263359996
35.57630993954755
-1.5137007131719997
-1.010786616797
27.326484207776605
6.036556475808
3.3761839492870003
4.1367046041850895
2.7569606618230003
18.360307213956844
-1.010786616797
12.683313178741999
-7.614856369032199
8.839579814890001
29.520998800454397
5.6364383938642
1.8583638586249998
0.6786918197788001
-0.3524363600886
14.927319634999598
6.5629826186138995
20.081009815865418
7.4391706045406
23.5793443125775
7.097148740319
28.972690212767095
6.2798800477285
12.569590125680753
21.141500827691
4.568264399872
4.3810322738433
131.36433802440934
5.5297224287872
-1.4505853155447999
0.07903463629300012
49.92851637330121
1.01768734035275
-1.8687003489541993
3.2238726152932005
4.975612747014
35.48444629870821
17.826049382216503
51.946900661748586
-1.023300430605299
182.07604699094753
4.650547152231001
0
4.316195402604
6.7089347373633
1.3385211415021607
-0.8799917790079004
2.9090134550064004
15.451798475960723
7.057883946746
5.384894553854
-8.054518478801
-0.439108779647
2.23931163679
-6.069877290527001
-5.449537901477
-0.791385916299
1.7818390208019999
15.175605270551998
-7.395289404107
-1.7550133509
16.874822889913677
6.498560784657999
6.071590088005999
3.40309491274744
-0.604321518806
11.876394774124
0.926729066929
23.8086208890605
32.1748706595808
3.5339298639562005
8.02980283286
5.6389962040624
3.2851536030418993
2.358122987492
12.247044228235
12.5417813002696
5.713771964375999
38.93109035451317
12.001918783260201
2.358122987492
38.93109035451317
-4.175529564329755
5.347035890981999
78.93672268210483
29.250506320461604
4.414522192691999
38.93109035451317
3.247226231794
4.79001504892088
38.93109035451317
3.5360872177120006
14.194163496377998
1.0830826616105997
4.4270775975553995
-2.1366436251770002
-0.623455389546
38.93109035451317
1.6911974435853003
-2.135893282776
-3.2546038440135012
4.543256678063001
4.9867232011760425
38.93109035451317
25.368487618771898
0.913872199994
-3.750722115388399
13.097754578941
15.057900577771
24.976564772566498
-1.010786616797
36.536821432842
41.63857322730941
1.3704299600170002
60.36980760035133
-0.427161694657
14.881891572140997
136.5904581046717
23.5793443125775
2.00145866052929
53.947338890173604
4.03930681748
6.521023517254761
4.3789635889452
15.362706121307404
6.2798800477285
5.398997891183755
-1.4505853155447999
5.0511676099
10.352506765933
3.266354878337
6.2076925438884
-0.1992063416021
5.5297224287872
-1.5127392055972
-1.068807838578
-7.350399323312071
7.81199474426265
104.97748065293732
370.381712528079
5.279739107308
21.4142372559252
53.947338890173604
47.94202204630615
104.97748065293732
-2.3180633432570703
1.620284666677
64.58494951506218
103.23575146461525
-2.163716388528
0.5538648479830002
-3.288922147924
-3.648207811774
2.9544533906029997
6.55235003887
-0.7348721246340002
107.88802148012223
-4.1561212512747
64.58494951506218
44.32023924656037
-5.431029474296699
72.39980921161475
1.396859436261
105.51580673090325
64.58494951506218
-0.11823391745
48.70472376198205
-5.135648636954
9.053968888859
41.28134844554476
66.75287093610818
3.6764803129622
13.814095361869999
2.564061230007
-4.80281801238205
53.280915665887576
-3.759318791591851
4.704753658812627
13.266035291385
39.41136915384076
16.2867253777465
32.05737090921828
-3.618608348313
2.80425214917
1.7873104830364985
29.92160133355901
1.3372959607466002
2.244201437441216
1.994151007957
69.06595044535679
-25.087823724274262
-5.063708261873632
30.806892781555256
-0.4972151661830002
8.940697950032002
-2.6404364722530005
-0.8597579452688999
47.059600756184096
-4.197267746470541
12.397343782590001
1.8733277095051002
-1.8005492768319997
9.3798555894495
10.198642011564699
0.30737409416999983
-0.05646789869100005
1.3019602111603
0.41705512969000014
0.415829342033
-2.139185877844
34.96317419873776
-3.0079164507150002
2.365122734473
-0.010813114863199802
113.37980152471219
4.029532247707699
-2.3649020339364
2.23398954948483
1.9735355594766002
2.7295246794460004
41.63857322730941
16.789872158164002
0.297347130066
-1.9516281618257443
41.942847453806
11.064561344435422
15.603537958642999
3.2238726152932005
-1.4505853155447999
2.23931163679
-2.0149700888310003
1.4965549513355
33.22854579438376
0.487302906087
15.787456241225351
0
-1.2784785196289
9.553906039941
5.518695164228999
1.3834127906842
23.5793443125775
-3.457483177041
2.51484110868728
173.7650101863423
6.2798800477285
-4.223359241009
0.116161456437
4.581917852318922
8.292400479767
4.599953692855599
9.341543331492131
15.764090981460756
4.7761283548504485
2.667044744387998
6.250767009302662
-0.14328883634400003
5.58198226707
-13.8057452521805
-1.8111001974640002
-2.8156761638261747
38.284658630178065
99.61325417133693
-3.857727301659
-8.610761453784999
0
-3.4536249973215996
0.5000333961282999
7.070310259619961
-12.47941522480971
-0.110114412756
-3.064768014120401
-0.07703488207700014
-8.59259971814828
3.4528242455719997
-13.012788047193801
0.505061238307
1.6921665267355
4.66910023365615
-1.5794802114780002
-3.714683292994175
-2.0008579275620004
0
7.89325376786
1.726987630584
624.464577044464
-13.212513384362001
14.22179659113951
-4.0427181033963
2.40675069094
0.527902384084
-1.010786616797
0.436414259346
0.20249940972617037
-1.3472148423286006
0
6.2810884259152004
-0.834227341725
-3.9379081887559
-2.82147490724
211.7926893451174
21.8163280742989
-0.22786503728389995
-4.598474960041
22.962627933307854
3.764909066469
-13.912557221489052
-10.131964908288834
273.85838845933165
96.43524431949618
-2.83705658526545
-0.0128614150159998
10.439649038092
17.222241777265005
-2.0229856283766
0.8849902915980001
1.3267964414808302
5.3699027996540005
-2.289876035226
16.9887583426648
52.88443717337928
23.5793443125775
6.2798800477285
14.004771949205999
60.6506623939157
0.05093362007920001
1.66299374875834
0.25308113093800005
1.758518397241
0.44333529459800003
7.150596782076
11.06677841887
-9.6266691175795
-1.4505853155447999
7.904621487409
21.0752356071671
16.537555192985902
-7.2135259437523995
44.38886979803078
-1.9436778150520002
6.876898768831
42.683813950182405
2.578104075823
1.37846341627
-9.827369971823881
-12.8413055835635
-4.43666955970597
-0.6661321960509999
0
-2.64840975497
0.9675825449347999
3.64274997319
-1.5763897587309998
39.014668134614
8.7822048656992
-7.350548095467001
-1.45706003478533
-0.14328883634400003
-2.9071265607214003
21.332303963394
1.718124953201539
5.758980595874
0.16073011490910016
-0.971174880633
0.8485615645769999
-2.0665960542133996
-6.110226365028001
1.307431374803
2.8510277196300002
1.160748790146
3.0079286399629988
3.064414474058
-0.332590759257
2.36054739785
-0.19044689172400026
8.52145100531603
0.4302949604980001
4.467507880506
-1.21209053521
-4.563039713364001
11.960583038335699
5.604158074484
6.8929230317296994
0.487322417682
1.6267119869834998
-0.487619301716
5.421040741124
3.0877399818965
8.063951570599999
16.30947954223597
-3.6248945010819997
2.2421260756429997
13.321430908109
-0.49411027261600005
16.698261495329998
-5.436771630868999
7.1003626868675
0
-13.787809894250074
-0.9154616311904887
4.3789635889452
-2.482439525997
0
24.43518534061138
16.952382936470695
-0.3658815066533
2.923597629406
1.1872527665024994
-0.10722437255640016
19.810456354734
-3.103391026014
4.483112238762001
0.3614881175389999
15.603537958642999
-1.4505853155447999
16.698261495329998
3.59634758735
5.5297224287872
3.9775903576752
-2.6688998802560002
-2.237308608295
16.16916982036216
23.5793443125775
-0.139320588582998
8.8141783891886
-0.8074470565559997
6.2798800477285
6.576303070553499
17.46033685497482
8.3465442171964
1.3994802589340005
1.566389630487
58.31559199582376
-0.110114412756
12.287612476229999
0
-1.6445783282734
2.543637257693601
5.1218948685243
-1.775284850562
3.8057939334883297
-1.7038599641580001
8.536015728503
-1.3283026873508401
19.200171424660006
-1.3600386669925
5.291472126906414
-3.585871772107849
0.4094713990451
3.17149019437
2.943714629069001
9.245526084306
11.746698156651055
0.2698808053013
193.9047323255283
7.252880250233001
2.0480755209848005
7.3584552778324
-2.3977611248155
3.8260189175051997
19.121268391354544
0.7791386725730001
4.914778621176
1.4555879715787998
2.6673749015270003
-4.570270924815602
-2.2903185966756
6.9350577274388
16.72412485777557
-1.7767874577479998
-0.37487188424900003
-0.06616367970010004
-7.274413899366401
3.2553496558203
272.2510214074169
-4.235642517458
3.923874214575
10.154731110343999
-1.6103229711885998
4.80597167007
10.1180427513413
-3.488456013963
-2.961689337898
-1.5543263264370002
-2.2001876441575003
4.557158816503
-10.362251473044761
27.431645984022886
-2.98013755059
-4.2770158526295
2.248008574736
-1.4505853155447999
15.062297221599176
5.55868751690563
-3.921049114788
6.181805451797899
5.5695718806359595
-1.2521898483776
-1.4629185532956002
1.018328605047
-2.023932622199
0
-1.3044131530096998
5.5297224287872
0
-0.12340728238100007
-1.010786616797
3.2238726152932005
12.396820110866802
4.0726085363411
0.76053681772
-0.7636433215289997
30.257106785301488
2.0065981194900004
7.3469157683954
11.58340762618974
-1.818672045895
1.59885813049
0.701645220701
1.6918636552494002
-2.0492765871099996
0
-1.9063823734932703
5.518695164228999
-0.110114412756
-1.2432962308870001
-1.2911887864329996
-2.250252796635
2.344274079655
4.138200736852139
9.949565180641587
0.7786010139135
5.070691624591
-2.3194710482481997
-2.122660648352498
-0.981236005568
3.4807997421300003
-5.3189946187366
38.040111756907855
11.7918183869252
4.6708429879682996
4.6394797957369
17.30615407671196
-0.809584404066
-3.860381893457
-1.4888695925970001
-4.4584552747657
-6.5312727369272014
10.940814016043014
-5.707711820227
4.893592363784601
44.695620015172324
3.3784068065645005
6.244852177935
-1.468882887872
2.234143758642
-1.3120617220559998
2.369594385706997
-7.664265962116
-2.68211785724
-4.086129433323
2.234143758642
0
0
1.0147790723280001
6.187614307401
-0.10325869562646983
1.3076944907281
18.82293653636816
-9.922197886723499
11.9866775360298
-0.8109605473650003
0.03789081465799993
5.4444693288299995
-8.619695272051
6.069367638083199
-2.482439525997
1.62275171169306
13.394437113019997
0.0096523291731
-1.4505853155447999
22.3322803521065
5.5297224287872
1.7891570231869998
2.9646527352872
3.2238726152932005
-2.6215045674347
1.6888859173250002
3.5921551048405
2.816770375007
21.141500827691
23.5793443125775
3.6570658728647505
8.839579814890001
2.377744108922
14.927319634999598
-5.851033089598
0.016144589788799957
12.000345431062698
-8.232287356613998
22.092256724454398
-0.7279010531438008
-0.110114412756
-6.522317724322998
-0.3794887713316001
-7.108960181548101
15.021515697111202
-2.9996874921643
20.495808342157996
-1.38899748421
21.86154072299727
4.731921056534
3.7591365775782997
0.7172923074429975
11.623511538679999
20.157743900020797
5.131577730008999
11.476125653132769
-2.482439525997
2.11790336443
2.604990299864
-1.055697668044
3.4715956735280007
20.363479091609697
2.3679004210629997
4.8018700715281994
-2.173214810898
37.6372178117479
-1.9678846946930004
15.6264610497146
-1.6737226376803
0.6826665460826998
-3.122084546426
0.88805978296
-8.694013276996467
5.518695164228999
5.518695164228999
-0.110114412756
5.518695164228999
5.518695164228999
1.6249659023160001
0.04111585689015991
5.518695164228999
5.518695164228999
5.518695164228999
0.9739698177615999
141.01515005584966
5.518695164228999
5.518695164228999
194.21361702867887
0
5.518695164228999
0.49410260079409996
5.518695164228999
5.518695164228999
0.08569549750099997
0
1.4807380459111998
5.2850262544277005
0
13.27893805990252
5.518695164228999
5.518695164228999
142.15144140629712
0.355081832197
2.1733298496139994
5.518695164228999
0
10.8040887024727
0.00244662991013
4.447016972341249
5.518695164228999
-0.427161694657
4.095256501359401
3.8664396854770002
1.1394623483129998
3.941828774919
-3.413461052768
-2.5240004434348497
1.36012523256
8.624044804793998
-2.9295069985460005
-0.09871975484700002
25.358796173039003
-0.2291990926894003
4.3789635889452
-1.318264392807
24.810762381273115
-0.5911392416072987
7.991874332940999
214.94598252897322
-1.010786616797
-1.5137007131719997
5.7900318263359996
25.358796173039003
7.847602144383409
-1.345120687377
2.7569606618230003
4.1367046041850895
6.036556475808
5.6364383938642
12.683313178741999
27.326484207776605
0.6786918197788001
-1.010786616797
1.8583638586249998
29.520998800454397
3.3761839492870003
35.57630993954755
18.360307213956844
-0.3524363600886
14.927319634999598
23.5793443125775
7.097148740319
28.972690212767095
6.2798800477285
21.141500827691
-7.614856369032199
8.839579814890001
6.5629826186138995
131.36433802440934
7.4391706045406
1.01768734035275
12.569590125680753
4.568264399872
-1.8687003489541993
4.3810322738433
0.07903463629300012
49.92851637330121
20.081009815865418
3.2238726152932005
51.946900661748586
-1.023300430605299
17.826049382216503
5.5297224287872
-1.4505853155447999
6.7089347373633
4.975612747014
4.650547152231001
182.07604699094753
-8.054518478801
4.316195402604
15.451798475960723
7.057883946746
-6.069877290527001
0
5.384894553854
-0.8799917790079004
1.3385211415021607
35.48444629870821
6.498560784657999
-7.395289404107
16.874822889913677
-1.7550133509
1.7818390208019999
-0.439108779647
2.23931163679
2.9090134550064004
-0.791385916299
11.876394774124
6.071590088005999
1.2971212457430001
14.595774743097
0.926729066929
-5.449537901477
-0.604321518806
14.595774743097
3.40309491274744
15.175605270551998
-0.19846060965499995
-2.577058354346
2.49506388279404
-1.6501972473750004
-3.804775188389
-2.79935711713
0
8.883518960999776
3.2222702746409997
-3.6812527202857006
28.7204762362928
-1.428378805563
-5.9829495328125
-2.1397902573693486
6.617401708477364
-0.590009184134
-0.573454468164
36.34677672950251
11.582197322408675
0.10964821989749997
8.2215122547675
11.747383752201301
14.8504208226747
3.133871142702
-0.7343265099666003
3.5337660832570004
-0.679717305675
5.142093396049001
15.7669569389287
-2.9628203774470006
55.71380160873864
19.3735654139102
4.695436215578
3.988833943456031
43.72499029000297
62.587555380169796
1.2236899897939995
13.676635583952743
-0.2229284125199999
-0.666392641594
8.42644309258
-2.7309081737248
6.30072033460386
6.334243632015
8.899958187416999
-4.051369101770001
-8.52571147885465
-1.2084547767820002
0.442719558653
32.529578126783214
47.72472758068788
-0.555526380825
14.927319634999598
91.3868764436528
16.481692398851997
52.0198898877689
62.04643883227574
8.839579814890001
21.141500827691
4.59028582657
-2.57269082183152
15.593240114636261
11.112711219509702
6.2798800477285
-1.2348203931900001
0.8052620404239998
23.076890845359525
23.5793443125775
137.85114489443487
8.42644309258
16.0721347977495
-6.837388887986
139.69770353465168
6.767515112172999
8.42644309258
2.766069523059702
16.030406003099742
4.558633710777
8.624044804793998
-2.72048002515412
5.864717652305
29.52032649971544
0.616497554897
113.37980152471219
-1.4563490013837992
23.985993738235
31.095223320547536
11.89990591653376
31.3622007728849
15.014999655834501
-0.33778838701799985
0.6017475476983
18.1473887311749
7.38573159139932
5.5726848162787
14.4427902175962
3.246768923363
31.35858639265848
1.322952898608
101.43606286072547
-2.7354511530244
38.557972066979886
43.03079029085284
1.6280684037290998
-0.35290586335249907
1.3669042115492007
-0.3767347280550002
34.3708246592516
37.065048926018996
0
-8.0140407655459
-2.7582911639490004
18.153012500366003
37.065048926018996
0.5444521951525999
-1.8480290295977002
-0.4355981002916799
57.05484522904994
141.95745081596542
141.95745081596542
140.91939665578712
141.95745081596542
141.95745081596542
141.95745081596542
141.95745081596542
-4.562168617621
141.95745081596542
141.95745081596542
4.217621783984
1.1675731052554001
149.30731624303692
141.95745081596542
141.95745081596542
141.95745081596542
72.25044430912212
141.95745081596542
141.95745081596542
23.697688118375947
21.419073220687295
80.73478278775467
-0.7542484183962002
8.106951686799313
6.098601865424
40.55983938721683
2.384812646965
11.8400821677979
39.82307168828721
-0.3268757188208996
76.6086398382031
3.0739113394634003
0.6586742501075
65.93455886908563
9.611708735621999
9.2984833352864
-2.877892779097
38.571082579169804
-2.7435226911429997
-0.60564610883
1.7840841891471
-4.33777722449
31.192443545059998
0.6112127489575999
-0.011798769592368918
2.559374073284
-0.37873356917082424
0.44375316181080005
1.43854174223
25.627833831398938
4.4173610665581
5.272831609222
3.277587869107
-4.0848301421888
-6.8451003959086885
14.904363621495488
1.937352317657
2.7074238610959998
-4.484875746009999
2.926265029406226
9.757324004189499
28.57421939058847
3.908747349044
4.4014659870758
2.558589294825
3.003268913867
1.4370710060961
0.7824140751305
5.556005011198
27.915346830883152
62.35710179369113
-0.6889778068525999
-0.5707157979503001
0.05673179269600004
3.661582051621501
-0.690005357158
173.7650101863423
1.0746707493977508
1.6648011140580001
-0.22929362516999996
258.0405496660792
4.048615960045
26.286326384611858
23.462802328719697
75.38631729363196
17.922693470243768
68.66577630169965
-4.633340475425
-4.18399520613325
-2.6550387299369995
18.18023067389669
7.652783892133999
4.143337071983001
2.6905281964681995
43.89836139030714
349.98891313500303
-1.354107537302
7.0745749293666
62.35710179369113
2.262495717073
-1.6596845330840002
62.35710179369113
-1.386330129395
62.35710179369113
-0.110114412756
62.35710179369113
-13.646998142836049
1.247771783344
60.45245341581474
0.4590723001302999
2.1929711797717264
62.35710179369113
53.96836899497178
304.7970616441613
62.35710179369113
10.210851407239
62.35710179369113
4.1037629945820004
5.5297224287872
-1.4505853155447999
22.016987151612653
33.071569699286904
7.652622885269201
20.13117187231237
17.72478410906365
0
2.641891050909
15.781749268211055
16.52465905605976
43.53695305140275
13.8523572949062
-0.35649214085700043
75.10489980310875
9.458343705275102
16.481692398851997
8.839579814890001
-3.0410919507915
38.16801514643213
21.141500827691
2.0426775622745006
34.329003058564304
12.000345431062698
6.4613306842524505
51.85013107763281
6.7080931227961
15.603537958642999
1.347336370695
2.83193616524
70.3871317992889
23.5793443125775
14.927319634999598
10.104938615068
21.87660974141288
6.2798800477285
27.830240023879902
21.619460149463603
10.104938615068
27.830240023879902
23.5793443125775
15.603537958642999
6.2798800477285
14.927319634999598
2.83193616524
21.141500827691
2.0426775622745006
34.329003058564304
7.792373878604599
43.612711650622614
16.52465905605976
21.619460149463603
21.87660974141288
70.3871317992889
16.52465905605976
3.4351266712459996
13.056483054039209
-0.46233194961190005
16.190825861968626
265.73947990921
-1.7625173922947008
12.461153549300018
11.1578776676945
3.644745607773
166.4482296037897
28.520537128406996
-0.8994729334516536
44.88274892524182
15.166903579830999
14.407838734667
14.407838734667
13.310261889798
13.310261889798
27.95898740847625
1.1416765528709998
22.555297107595873
8.393683804183
332.94941097170306
2.82334449442
36.65574389816454
3.8071360296690004
74.63807605555891
29.35975281958692
11.8589207375652
793.8184686421574
50.74719898335346
10.928470672502199
4.1721745678743
188.54876586268045
16.8279308575079
20.611764773204513
57.81698135971636
13.025332821826
5.09607984869
35.73089316652658
29.501717785470202
8.432202258452199
118.3987125338274
6.13463297049
6.646320487918552
76.73832226475237
17.161187324312706
-45.54630550393748
14.649327789656999
28.5020726718352
2.2634519377839
77.94009073700428
2.224149862127
13.22953158999754
17.046757293866502
11.618067862740151
91.82558059322069
38.15712481062124
8.275581569330999
11.569741364633732
48.73025292437602
5.7327918295943
0.15273712785399973
10.9260406818824
16.460964077033502
30.306664640507254
156.20401859918064
2.40066025433
2.976045262705962
18.098027191389
9.57569210419905
15.785176482727104
-2.775729139659
8.304904400201655
10.330145112007003
32.09564693734378
-0.9161350872234998
3.7294335791665003
23.519766333261686
7.363057803715601
9.23739284032508
24.246130813636558
17.414658207335705
8.275581569330999
11.21345478455076
15.472981171635011
28.801529146336314
8.196223315634931
-0.57142178292
-2.7565898334880004
0.813376400602
8.217759284772924
6.7023263302469
11.423817404444401
10.102920005881472
12.5006092962992
15.571316876241003
10.5258111165459
2.092039381857
11.232252835086843
10.510232693263982
-2.6397703663924004
2.749099279718
23.011138113285
3.271833223397
28.498143789135245
-3.7177490864969993
8.421068870124
1.5956864703356
-0.15367690573900006
11.907929168707994
10.102920005881472
-0.405490465088
-0.09572114076299992
5.819644196116
8.584429797191
2.0769768869814005
11.92363066117975
-0.9151712162079999
5.2156265228784
1.2595831415574001
4.4577680134792
0
15.382139182828084
5.6749314984809995
5.3404379488139995
1.8014399270169998
8.512369862551001
4.1110344659989995
13.662094937843001
5.65004106586
3.131320856264
4.0705820534859996
9.828262230452
-1.2884989917610001
10.623010444075202
-0.851789620448
48.35622144862212
5.333217244411999
4.86583455321
87.90001073834603
1.1097052139630001
0.44057618111499997
5.2563406915701005
10.623010444075202
5.824592995535001
-5.259850875110445
0.09242099019200001
28.539608227678002
2.535142045712
10.540275269743839
3.4315416168178006
0.024768949912999993
0
8.926983828518
0.8207756905989999
10.103180758450199
9.863212389740859
1.0846173124791003
5.926090727353
8.0175436805044
-1.7224227411289998
10.576640893995997
3.000740167528
4.239899209029
-1.3465674679196
4.311506571099001
5.4822094756536
2.375306345082
12.418345548567999
1.7751295690459998
0
-10.9903901732628
5.324601799510001
0
11.27450409466169
1.1607235982750002
211.7926893451174
40.829493640269746
4.1464387185780005
3.023028287166
-0.756082010565
-1.010786616797
-14.753619531339302
1.5092801678537002
-2.12378332129
0.9632694779190001
-1.669782098072
19.094439017064996
2.7526693448179
10.55550716469894
139.4683195611606
96.43524431949618
0.7408344476026002
1.9230325659508
4.591290799583999
-1.044115920802
70.2580340903321
2.6098285747083
3.097348435429
10.595468208922238
1.337717514964
50.958024682230615
-2.5790971752089993
-1.6660727011426
4.1037629945820004
4.1037629945820004
4.1037629945820004
4.1037629945820004
4.1037629945820004
4.1037629945820004
4.668691101289999
-15.468478496705599
-1.2690099401630002
4.8437557271646
22.878257500232
-2.576937915283
-3.1053010044185
2.89812184125
15.057900577771
5.33932778536
-0.36052658366539997
-2.76116206354
3.2238726152932005
-1.4505853155447999
21.773307206802205
5.91526008937
51.4251187091942
2.7354178955026502
24.976564772566498
13.097754578941
6.979450362150001
-1.010786616797
2.6491769273359997
5.5297224287872
14.6106659944534
-1.2276352132148
3.5108900922764
6.334093910876599
39.900685953052616
-4.046470185934
4.614410943544801
-1.7183372485549002
1.8903693190633994
0.95718973245
46.14285629259361
0.5781556492120001
-0.110114412756
0
4.1037629945820004
5.1899147909357
6.9424803601817375
71.49729648819785
43.612711650622614
-1.314193793013
14.926784326610498
-1.010786616797
0
6.000556609215601
6.861470226335601
45.68893848010046
29.591256058864612
-1.4374914713013
7.095435062073999
-3.2895593916840005
73.21419626813103
-5.127337707837
-7.97748702843237
0
1.4976836458120004
-2.47918278643
3.93849678669
0.8704091143192002
180.73122332778496
-3.6661417255940005
0.6564623434053
14.858816674374
14.858816674374
14.858816674374
0.22448171265001005
14.858816674374
30.392923277776497
-0.918786035658
14.858816674374
14.858816674374
-0.5384024511255
0.60673545537
-0.4355981002916799
-1.967054137019
6.0037568536015
8.654557421796
-0.730524151526
-4.020892029405201
12.656545854124001
19.920344130039
1.40967329931
-1.139692601668
0
-7.341516945048999
6.568100728520499
-0.628383315527
-2.5081011875212997
5.7993976099763
2.9646321876676
-2.5252565495848867
9.704897562448002
0.816614654173
0.5861487709000004
2.876026278591
1.6603119018221202
-1.762574895348
13.445360186808001
2.3953972601609
2.681908277338
-0.0997933711579998
12.808998317663939
4.687227961355498
1.1941766283607
-1.010786616797
-0.0614728222471
18.66439434426
23.5793443125775
4.213246829982
2.766345590539
1.8176197163031
9.659300227408199
14.4323949528466
21.06700106304125
15.057900577771
0.06975129577099992
13.82920284680775
13.097754578941
-0.40655780006020026
5.5297224287872
272.2510214074169
3.2238726152932005
-1.117829856487
-2.166526048634
-1.4505853155447999
-10.386361439505734
0.9220941432540001
7.296638077369999
-4.851799225703301
8.686725075151001
-4.567656561116
0.628217257089
2.08005274451593
2.6389893810375
4.219334010242
-4.4556101510952
-3.277315430988001
3.8363976446590993
-4.543858624271133
30.1965806025203
25.254115062661203
0.31979300536499977
4.7998623376213
92.80901678448278
3.9191888595939997
7.582482717519602
5.7749685052299995
15.136123937471359
3.4344787911287997
-7.8120520015351005
0.5876637622600002
-0.07572269428790013
31.959171731407757
-0.35833059987640004
-0.8306075657073
1.2975141381420001
-1.6396188048301399
-18.562018435870485
-0.2888766602006999
0
0.32188870617399995
4.1601823989824
49.2898638047784
-13.546209035767701
1.851983265091
2.6286919360340004
-1.08857242179
2.604066335861
8.5859248776083
0.19365433548660008
2.7206882992925
0.9335275080150014
3.6841149503160002
1.7918503620339998
1.0002464730740002
0
0
1.6547404677591002
-5.431031850973301
1.533135161735
2.474841810129
15.277299649339598
0.82323231922712
2.2025113428771
6.738718633667501
6.088044433355
9.584039527618
-0.4433387094440001
1.5451355411819998
58.136062573130054
-0.645298902589
1.151378119006
32.4065861144081
3.5617736171470002
61.89014542648389
-4.7529553739109
5.79220300321
-1.487514225884
9.2130707710074
4.62064106012
32.103777352685306
9.330389674834624
-0.9965637828332001
43.03457711582378
5.5297224287872
30.840572562636844
0
15.905488058546101
3.732371435709501
10.748219111059903
9.443443143526
-1.0828260310109998
-2.548569879216
56.872979193055926
-1.742068045309
4.011667725826
18.715838224451872
4.613707941278961
2.775082329117
-21.162846259738227
2.083783985918
4.50633823748
3.710670127287
59.982059501560535
23.1951618953788
-6.083854803094
2.6236880804009997
-1.6791766678650002
59.982059501560535
4.2438375939953
56.97914441369073
-0.20925919118499992
21.015003971958677
0
-2.552515937119
-2.1192965315030503
1.22789862226157
3.130808994381
4.4865158476755
0
5.518695164228999
4.1037629945820004
-0.5067495010867995
0.036050511386300055
-11.266803555962401
-6.232671113848999
-1.7407150795788
11.51897539715
-1.8772277072637
3.0711840059539997
-1.42930422528
37.53955843692549
2.40675069094
19.331319907828
-3.669470908769
-3.669470908769
0
2.40675069094
0
-6.232671113848999
3.0711840059539997
-1.7407150795788
4.5828305231992
42.98319480825199
22.733337449291
-1.327495529108
9.9488389176836
-2.209895843919255
13.280436237791205
-1.010786616797
2.2157441781919998
-3.2364033393900002
1.411824883071
2.406295018567
5.527460502423
9.928431297448
9.8558676590453
-0.6976625844121014
35.5527916709002
-7.769006056334801
1.30461027595
3.9465912056428
0.5074227152279995
1.8995366075895999
-2.943036354226
-0.5462502784793898
-0.49499596426299997
3.0162068669499793
1.6306135692428485
31.4370252977077
17.571085126544922
24.976564772566498
3.0081520361430005
39.7891369121364
65.37497680301541
-1.4505853155447999
31.365674325723198
22.733337449291
2.196335489203
-0.8423264537690001
5.5297224287872
13.724276350942384
3.2238726152932005
16.004896471168497
4.739491090503
-3.3218510016960003
28.0856412601215
-3.897930358511
61.70416068303091
2.775465562369
2.014554680615279
30.895534979916
2.1525633175197005
-1.455778710197
5.954773500050201
55.436437458537185
62.43021829913157
0
28.917094571764498
-2.9656441717549997
-4.0396206590490005
62.43021829913157
62.43021829913157
62.43021829913157
-0.3568331223980004
-5.3782995463171
0.965908697455
0.11572252149100004
-2.0265292124210004
59.35696181784491
-1.932404784444
16.004896471168497
0
-1.010786616797
7.037564036138999
4.409630812764
-6.554527200657001
3.0907672136147
31.706709892396802
29.7679182363333
63.82646950360389
62.43021829913157
-0.16658850951897408
1.4831571833826
62.43021829913157
62.43021829913157
29.746513278953802
62.43021829913157
59.91059070327333
68.91870439080557
59.91059070327333
62.43021829913157
46.73256642483719
62.43021829913157
59.91059070327333
0
59.91059070327333
28.917094571764498
39.888187240594796
59.91059070327333
59.91059070327333
59.91059070327333
59.91059070327333
59.91059070327333
37.617872096689794
59.91059070327333
59.91059070327333
33.5011527644476
59.91059070327333
14.244627369516
26.9883465981098
63.6900437765813
59.91059070327333
59.91059070327333
42.7633860088403
28.238472904966
7.073423565156
0.15107774665070028
8.731429740912201
-2.1494807513290004
0.987474935554
9.730158507493599
38.463468990963335
28.238472904966
-1.010786616797
-14.074510047452
-1.8087336353604004
-3.8272996128238
-0.06223184941148041
-0.6893988734330998
39.304318265246046
3.5508459124805003
-0.3216937273666
-5.5925041655964005
-1.9612296920120003
5.1718236268030005
17.334457005156573
0.17836136502199978
3.4082059200137005
4.692973794747999
-2.566835094434501
-5.804685198581
-1.80387596889
10.915563160372
1.3473363706949997
29.79054157239922
0.7483935138547999
4.9421218857669995
6.112065389610001
5.9171495860937995
0.6577521043256002
33.0480494731015
34.480582233713996
2.93525886862
61.55020018564738
3.6938317101577494
29.5881188173523
30.4534371231805
3.9885494675
36.07638771844301
3.3688433572600003
-0.33917850103830005
3.138457923153
22.50203579601716
3.525283100354
77.76215748609913
4.3789635889452
2.8460815566048003
-1.010786616797
0.987474935554
41.921351833596766
2.7616748564889
-4.245449312783999
28.32454606606137
-1.578802288654
2.4037611348724015
5.5297224287872
19.200171424660006
-0.9263750569119003
-1.824079622337
56.738514592458195
46.61944898390405
1.3185551074979998
22.9061406834056
28.344852416581375
0.4433438532749999
51.46812127543742
-3.7922545281076308
13.602732474138
-0.42256817201189967
10.2061546771861
16.46016318926469
26.14000795410895
24.5120913249774
28.102004925675203
24.55205337986142
34.72933470051023
46.17275859224805
43.8602788406237
-1.296513812368
2.028675266538
9.565650613417601
24.579703014087997
22.562879593539602
3.922771233264
10.4265642305376
22.562879593539602
4.3544057553119995
7.9879361075076
8.351858338008
54.73248012181231
4.900153032523501
8.245231694249
0.39904826944200034
0.320499987814
-3.0634541531099995
9.541116240760001
7.934364625064
18.055997244018698
55.813181699200044
44.502692332231696
53.63072666555969
53.63072666555969
44.502692332231696
-1.0486210977750001
53.63072666555969
53.63072666555969
53.63072666555969
53.63072666555969
53.63072666555969
8.7763789626247
10.297693793326602
53.63072666555969
53.63072666555969
44.497607307911274
53.63072666555969
53.63072666555969
53.63072666555969
-2.190357889294
53.63072666555969
-1.733280074274
-3.21762911121
1.2367117833640002
2.03337111399
-0.5949572747640001
1.17630391501
15.213365310056398
11.4384563644929
3.9042267772105
0.25553527248700003
-3.910368670253
