0
17.695631010887197
-1.424178413875
-4.13694070148005
-2.043867179447365
25.024076879029202
10.062557207252983
4.443768202618
4.412000296212001
8.544350276751599
7.579068953382
23.077719803914604
48.71378144573244
10.85537854543828
3.6189564650315003
23.948009639356318
5.2532533506474
14.978754423148699
3.532778205881
18.068417941865
4.711765580714
-0.1111210655910001
9.715299236174
1.426433818389
1.9069031291419998
8.1898924752506
16.93660520380429
12.63853839103336
28.7097629458346
41.50905632915801
6.399095598757
13.104634523150999
2.0842902923069997
11.7024566963607
63.70991645585987
10553.065905310315
1.9069031291419998
85.56555929597381
35.0026414568815
9.715299236174
21.874602543709997
9.956918890000999
10.281833574450001
9.715299236174
9.715299236174
9.715299236174
9.715299236174
1.2758371652317997
9.715299236174
13.106347464142845
58.713897252226715
10.5788986240588
1.2424862918718
20.704687729263696
74.96175705830191
-4.678924246763
12.893034600067999
39.318849761722205
-0.7742308691909999
9.209467437707499
57.031639834512895
3.5588347173771
9.6609093756327
36.71204939951511
11.9755402089737
3.6870242498864
25.030199027937996
10.4457466486762
0.43731060916199993
16.446214278253702
0.8856322133260002
-0.3871205407806
31.958644639844838
15.712148535239749
0.528914453042
-0.548927719374
24.83900659225985
0.4381325386349606
46.291462394050434
2.800954209288
11.650333516898
10.788599307763699
58.713897252226715
2.912362913388584
10.325957275234998
13.7876690615337
10.054517461762
7.2033307867059975
11.973373254662999
59.044757821935
4.89415472498765
10.712148147159
65.82220640232643
13.0514307017687
13.7254144781107
4.2607468971203994
13.649666577076001
73.9256551801207
11.650333516898
31.871274737684203
113.29889332114567
0.685382056432
51.539725787060306
1.8232225074546
2.5956020674745
10.352058857023499
11.650333516898
5.485554418117999
29.687132512988004
26.4983847171925
11.7024566963607
0.7327257863822998
1.260773101402
13.087666720871002
25.69017511370562
0.49379152242040014
0
62.96520067355898
0
-0.30529990047300015
8.1443256142785
0
1.7545826974706
17.556853070504307
0.0509494906106
12.919791295448299
1.843501259937
3.1058007499280995
3.708496500639
11.7024566963607
18.716345989910003
106.92692550817164
12.831089062495701
13.928661296106148
35.90105689007167
11.7024566963607
12.919791295448299
3.76871341557
25.1390888649807
11.7024566963607
-0.238101149782
0
4.373280034103
5.104494802586201
-13.949770828097806
4.49489353974
-2.8732835916127
10.902310400712999
2.348239543659
0.7803454547320001
22.11546715956482
3.2023492031138
8.1916495070971
4.721096005744
3.2071781094519998
40.208153942477324
22.602774291315203
0.22751770674199978
207.07933165236875
4.43456231667426
19.748681600318296
0.08733683719100005
10.069269968274039
2.247334358442
7.870960637726001
10.408928901222401
1.801558337716
1.8925831917961
6.684559872467001
58.713897252226715
-0.0663495647136001
-0.2645662745320003
2.3063702004205995
13.42845229006
7.836524416534
1.9875555004410002
16.8883710334612
12.813869166183501
14.835023518731798
2.5355024952919996
11.877495454876197
15.759563739537398
22.670394817530195
-2.291442090293
86.0589518477844
6.985433229478
25.413919953323152
26.2977379864458
35.74939363371711
23.613811073927405
16.4581361272493
4.4632199522302
16.15518438537
22.367334919349396
0.528914453042
4.693804605767999
3.939139203652603
22.367334919349396
-0.0029829059145004555
13.642005431592999
-2.1283858649621
2.9384810364400002
22.367334919349396
0.2488699792611997
-0.13776088333999992
1.8296843932220002
14.0501612009118
22.367334919349396
2.613882324597
5.636833448011
23.299264934744198
25.627684182956678
35.35685831487239
14.573994891877799
2.796895559864
14.0501612009118
8.118703027595997
14.0501612009118
20.0631932681498
57.05884482710198
51.90044582698521
55.65336668428521
2.04635338062
55.42320278396441
10.594493550137999
-0.0200225832803
18.242999932168956
20.7314812967291
4.064467487378001
55.512132934560725
17.5851676935463
0.6155618343881999
53.10488186332168
7.634575613792
4.039522922480999
6.085908787751601
63.09998880294855
29.880312790851985
53.10488186332168
6.717747284917
4.1159161263141
5.302718703613281
53.10488186332168
4.2668257659413
11.485210060433598
7.278715517166001
82.5716271971307
0.384450620864
22.029275291359404
53.10488186332168
32.423909682157735
-2.1187957140289457
53.10488186332168
-6.364343698834999
53.10488186332168
53.10488186332168
8.485449093858001
53.10488186332168
-0.23089641048099996
7.029160848197
53.10488186332168
6.0364105287543985
48.81607316688668
53.10488186332168
53.10488186332168
53.10488186332168
23.8214544405147
2.1351550847350005
42.368608481372604
24.848638060294398
8.262739867649001
0.685382056432
8.485449093858001
22.367334919349396
3.3747922483700004
14.780083313593998
8.120289135083
25.317301338517396
22.830727243048404
8.423315458521
8.485449093858001
46.81103123379568
46.81103123379568
6.8902245380917
-6.364343698834999
21.618781177010003
8.485449093858001
60.230916409273725
22.6667181319474
46.34706166564468
8.485449093858001
8.485449093858001
22.6667181319474
21.580168133623197
8.485449093858001
24.4594712373547
10.594493550137999
-13.317005892545001
8.059188283884
6.944540418367002
1.8296843932220002
0.41990306741939953
8.10514942808
16.15518438537
16.0937836748386
16.15518438537
0.6789833072296002
1.4141686982930004
8.774992220227801
7.548517108176399
1.405003159998
15.814290343971196
3.7993869087070005
3.3403173589473703
2.714411617974
32.797418993634004
2.0385316287148
5.257953118021001
5.3362872949
2.64822622319
43.33911805595827
3.4726731079099995
22.74553992705748
25.31304633180748
22.15834602378481
15.425637024433998
27.117634698238483
55.65336668428521
55.65336668428521
8.477478279663998
47.59366152333722
7.228498857029999
79.70767263608711
16.497152460522802
55.65336668428521
112.96975899657404
55.65336668428521
4.490856893221101
9.5288323778516
32.884010967882
26.602789226295783
58.713897252226715
25.869622122867106
8.842691979061751
55.65336668428521
16.15518438537
13.106347464142845
1.44075575407
55.65336668428521
55.65336668428521
112.96975899657404
0.28467651262689997
5.543431611740001
4.109049685611
55.65336668428521
8.786479765730698
55.65336668428521
302.0777289152435
32.751249229558205
19.2573561804986
55.65336668428521
55.65336668428521
55.65336668428521
55.65336668428521
21.5989433709728
55.65336668428521
55.65336668428521
55.65336668428521
16.15518438537
16.728594457556003
9.82199851353828
7.578114242011299
33.06152795532778
14.754078359153102
1.431661859999
9.5288323778516
21.5989433709728
55.65336668428521
9.555867944714
13.642005431592999
9.555867944714
0.528914453042
2.3859158070034003
59.49115402158834
14.172177367051443
72.30363262372889
57.239389060186795
11.959153739443998
12.195923798456775
21.861959265171837
30.968044720300437
15.6519370948003
703.6751031931096
12.230090748974597
9.555867944714
10.760398603655696
23.164642700016003
38.9973786811192
86.13198673738854
-2.3667721045870005
2.004704787769
-0.5979618980268999
0.5651771085789999
1.250559165011
158.3008977989854
4.868801003738
-0.16564261039689998
22.073957422648995
5.7934513534643
21.882252304106444
35.643745990789895
26.1234383236903
7.668550252877599
31.018643999022437
10.662762675543599
10.760398603655696
23.530933516124605
3.7264261408659998
8.040945521643598
6.1221169821400006
20.844776774191306
1.01365958499
69.9684537274799
10.760398603655696
0.8220160260930001
5.158265374937901
10.760398603655696
4.544153411403299
-7.938858462764397
6.3859126586543
8.810760532847599
28.709660875444605
9.2527642141596
11.783563961670696
10.760398603655696
37.68613235771556
19.15919330645357
30.700841701556875
3.3607812714279994
26.42796459513311
15.11670688248
7.112832483889
16.0298126501361
58.637506605600414
26.508267246206252
43.533448295810054
14.467622365421
4.917127221815001
43.533448295810054
9.19387579921283
39.8785698409006
18.1778666777436
43.533448295810054
11.720137981116
17.94527633620073
28.517301666525206
5.490575549626301
66.94121991928782
-0.18950383328099996
33.87722693932381
20.562689100354557
15.189519673409997
27.27262443825
1.941561504237
31.65932621108487
6.9335204430993596
13.106347464142845
4.8575071911375
53.62562500501241
16.624139046998728
38.15760135234231
4.826080529824501
27.857704026261004
36.537242873482
4.6866962797411995
58.713897252226715
4.668750445378201
12.976172634569
38.19808313929857
18.644046980914258
49.40655575788833
1.8523388932269995
7.762707556873199
10.24828335992555
47.20933192080726
47.20933192080726
10.7842703852047
11.078287721705102
38.19808313929857
10.26232521658
8.743075776167
175.71201872803016
15.7807423485379
8.743075776167
60.55015194994416
93.8973193099832
20.058327770361565
2.110621543303
-1.3081954368156499
2.47388883921
12.8201703636655
-4.685026504379399
20.531987159682362
13.590375404561
5.0350607762926005
6.780866914252201
66.33339868342875
12.195923798456775
7.0879449393868
1.69115260404
0.33265325334
0.7899433717364002
10.576728702056775
108.95929466297848
41.151069389881755
2.234826615707
18.409504976441124
18.806085905081556
23.429272939839063
82.65706909653655
30.81317055975763
13.731322295387002
1.332295160033
11.94288995243972
5.4109830817665
23.042605949690994
5.5554718036231
4.027536203087
-3.222230087880001
22.335552110384906
12.03928200604842
6.734997761011502
54.940658148399336
91.11171519597076
66.33339868342875
12.976495877164401
12.192062709938101
8.59242088557957
11.362310321812801
10.074949191545
0.9604512190932001
41.429215890189
2.7805014269695
1.8502542326204756
10.506344808579794
3.4613042467118
0.29046045036590074
6.7353397000575
0.20689607065399995
5.619783212069
28.826183033578207
62.43237160796331
2.09710204570544
-0.14094380463
28.40893779053301
8.237273693695204
25.60013140774148
19.901495831576806
13.679901677956
26.46641133137521
62.97063762464359
29.14715566122501
-3.119163520799
-1.8828732023634998
40.7217118818422
-6.982037668013
19.509305680015
8.7354738702098
-2.342202385389
15.46926735606536
59.50124439545091
-4.3962825955656
19.901495831576806
5.0360468141268
15.626063797463278
2.0304308412639998
46.58300996133967
20.551403524841973
2.3861514964206
10.788525677055
17.44328132476
-0.756634978777
1.0255207315616
2.8289466314830003
1.7545826974706
0.627725218954
13.421618283826472
33.01350970830068
17.4999365289474
1.5874369377625
15.613290350161797
12.125732128758628
-5.164195555035
11.601614319751802
0.08057641405929986
3.4518299182806
1.7545826974706
44.233265652176705
17.44328132476
17.44328132476
40.12880768171401
7.544440898104199
44.233265652176705
7.49199686886428
17.44328132476
12.469662964851999
86.5424783827145
17.44328132476
61.206894309172576
17.44328132476
1.250463900013501
17.44328132476
20.982017160583034
0.7519649333250001
7.8166419787517
0.26219839405200007
-2.0009013315430995
58.713897252226715
10.938866040657
7.294072276982
8.66744633493788
13.106347464142845
735.4144544237923
37.481284084459595
104.28559544889708
21.99088707329991
3.3920119994011
25.122882080022638
7.766589418532799
7.2020288983551
71.1692371064937
7.2020288983551
13.642005431592999
116.10205331949538
0.6093219179399
6.455806160323
0.7240594328336001
1.491188671514
1.6401140744543998
17.919547539794245
5.4315724278316
4.720206996643
-3.3222895761380005
3.53798026235
4.478340566118
11.84864655080025
15.0180184090914
19.822881517873302
20.115022606285272
23.820637598788174
23.60462935882318
20.821565599162
23.418888321508007
6.209378732329001
15.518034278316101
44.46510819294689
3.7969298416539994
3.6602467318315997
9.815661495004
4.478340566118
5.2085273630299005
28.97154985136579
65.7233268561186
104.75454410544545
20.940524197338004
11.48820336441928
6.643614311969401
-0.625067361173
-3.561779897740068
11.48820336441928
11.48820336441928
19.921548447787377
-0.09320602266030002
1.2260450845607
41.310548172175295
1.5979659487171005
-22.646365415682784
12.34137733942
0.8948156297595999
33.2844185438896
7.869681934702599
12.025185749268
2.0920080694510004
0.231364226965
6.133065717229001
4.478340566118
1.44075575407
23.948009639356318
6.342589474230001
0.20518980115859997
9.948400656099
13.28625927927865
19.914195927177317
-2.03233737869942
1.2327225557
1.534495884063
0
-0.2720028079329999
4.354043769945001
1.0255207315616
30.599897137081502
-1.07689701697
81.38886401045241
23.948009639356318
8.661897052660999
-1.901375799121199
1.2947123336407
164.12962430422323
88.24478073081652
6.010290051942999
2.07756081153
10.576064142709999
43.95496777079661
8.661897052660999
26.734044404836
10.7284337039593
30.51376529614104
-1.1703404538089994
4.104332157974
2.4947506099303
2.0920080694510004
8.743075776167
1.3700191964689998
-3.282797567854
4.061790161534001
4.2892542441892
15.166151300267998
2.0920080694510004
42.70833090243689
2.0920080694510004
25.830289791756552
3.0135029231589003
14.313365464429
23.948009639356318
115.60042880039798
8.103167447472
2.75470568279
2.0920080694510004
16.998120076329727
19.99667653687
32.273015353183595
2.69617966318
-6.715414927076714
7.252108894283
0.613996514022
0.42031651661773284
4.5065177108143
41.1268534043068
6.262775234479999
2.4434263218909997
-2.287944549324
0.5392308244120001
577.3099680744839
5.236020494672
21.8344060543792
3.8697267383091805
5.502562860492
4.511566031196
8.9635520323736
1.5920671919869998
1.567975207327
22.047632085790404
-0.6767511982251999
9.112588468575
35.25125245930796
146.96474300772186
4.847158344128999
9.535175677997001
23.948009639356318
0.1793299799280007
2.979250895448
20.947733758247562
2.5256413361470003
1.6639271285262105
1.7520007613410002
8.744305202281877
0
13.0825864653246
-24.88129240556505
34.44402228057189
4.0811099783241
19.219919442763718
7.360189663488001
9.857784230394001
-1.4784424358555999
9.0884224026162
-0.6207752943442728
7.3518817868499005
-39.97931643931297
32.22293562607269
23.915146884856988
10.5017174778721
2.986081389078
8.661897052660999
4.972208823660001
0
10.35200478640375
66.53435096401019
3.39087754133
34.44402228057189
12.245156904004153
8.661897052660999
-2.522992192762
7.135862518651999
1.0298453480666003
4.539374036690001
8.444365283293001
3.32054251074
105.88850516731051
9.53838118231335
10.533363730551
46.53686359381437
13.634567108232462
162.7143486014789
127.69474093389947
23.42039446113704
110.38636638076962
1.35425168587
23.72585555970996
23.491601228990763
26.096289536845006
6.006629232767425
2.807240692119
2.120143690781001
12.52285655056525
0
7.964614469352999
2.5863894562320002
8.661897052660999
19.077724625538007
6.929573001858101
4.6525796767486
14.784853335034004
2.898722854612
14.3083561174035
35.7320230676816
6.125418863138879
31.582344147419803
3.8768213086800007
37.94117090477559
41.85501563905188
39.28799768769785
36.74629095236193
61.99184481166191
105.88850516731051
67.34945681423196
4.623991011167248
10.201261814898599
13.178729628820687
2.07756081153
5.368357239282101
26.989895387505463
6.4623404620524
10.240082678846003
37.52520228956631
2.221489098817
1.543633300214099
8.631530236329999
18.535270055591905
6.405427973972
23.948009639356318
25.733953727574796
33.56558652170029
13.949916560803999
18.535270055591905
1.6488653293360003
26.135283861771402
6.07717944732686
-2.5332089887519995
2.4434263218909997
8.745264703734001
57.32601036477392
-2.3690188371136003
18.917186680514998
4.0164372624414995
10.875971993009998
2.367493590426
4.067113209423
3.8855566024115005
5.1302408836142
9.192496856736
6.8937574124420005
11.823783318621098
8.661897052660999
29.739805791089207
5.110141268335
0.9023928184122
61.99184481166191
17.181313159392193
6.086171881444101
54.777415709513924
2.3861514964206
5.462478760355057
54.777415709513924
0.9604512190932001
2.220067057082
103.92232431728542
41.12199214041076
6.769956973134
7.663697046704
-1.0767620401307663
24.871316222736716
1.2873494861687995
-1.2386035446479997
16.7680724253856
8.661897052660999
2.500518435498
16.82859164616408
8.661897052660999
55.14981097827992
19.595020320586848
8.661897052660999
41.12199214041076
3.0396099955330005
-0.13129082386300017
10.8657092303206
2.7454506419660003
14.3899669201361
8.661897052660999
23.164642700016003
8.178837538808999
12.52285655056525
2.4797244808756
44.528444682245016
10.921822774669602
18.973753795413106
-0.452463714107
31.586325412956665
3.31128847607
21.7965780889011
1.6587703885055
39.708153446969746
24.59924819469028
2.3832604920650002
1.433889800752
6.8937574124420005
10.464632921835
0.2515012429196001
-2.0009013315430995
67.13332836225321
36.61454574423722
8.517937541139368
54.777415709513924
0.5584334428119999
1.4091802752330003
9.71339332309965
3.1179331523266
1.9112856839446002
4.235558202930001
4.1264385037096
19.609224148839463
1.063348403369
0
9.716376538848225
0.9604512190932001
2.1747327890836
32.605975421542475
15.7841739498382
-3.3321672807739002
8.4444163256673
53.361332249224525
10.736227683963998
6.546526307223999
13.53182663603484
13.256024517260501
11.308849487783672
15.93952733636725
54.777415709513924
20.7249670456533
52.728253453614926
0.7711525359470003
324.0767178572985
53.361332249224525
4.14044337652256
1.913927733954
55.81372577214627
20.7249670456533
55.81372577214627
16.56164480268308
15.93952733636725
54.777415709513924
6.433335709535001
0.43406457346009997
12.52285655056525
58.27633949638169
12.184777071111998
12.10396929339
2.1102778097410004
6.026752598629
54.777415709513924
7.062374028769001
24.137524938925473
54.777415709513924
55.830052977634956
13.098760285385
-0.2682344730428245
67.01240303327985
12.52285655056525
54.777415709513924
58.713897252226715
7.062374028769001
46.08176175012178
55.1338102989917
11.125166200784998
7.062374028769001
54.777415709513924
28.44019963564151
13.106347464142845
16.554511816850653
7.062374028769001
10.265968594134403
28.413315763710248
17.944159765798002
40.25074905161048
6.8937574124420005
1.5979659487171005
32.80495867651401
6.8937574124420005
54.777415709513924
22.9094956506579
54.777415709513924
54.777415709513924
54.777415709513924
5.5201747551361
315.88179936851645
54.777415709513924
62.36511993531119
12.948102729075446
54.777415709513924
23.73889514263828
8.745264703734001
55.46279776594592
9.025656147515999
8.1317765450342
-1.0575203941183997
22.70948707804187
18.973753795413106
31.592691254444944
120.35763057292705
-4.279131505147399
67.30989605511029
8.661897052660999
16.37766124933418
35.95358128591782
12.8471256100536
18.973753795413106
325.2939403345628
107.73152037982027
23.491601228990763
15.958509775984899
23.90854213793235
325.2939403345628
15.958509775984899
17.5627222220161
7.7388961653332
20.84748555888987
30.137526340726104
325.2939403345628
22.817341529922004
52.728253453614926
319.58450376171925
64.86602063242344
10.35754278334332
3.743322510544
26.321961311812004
6.4037191314060005
47.00462158209266
1.1440326603829998
13.116210568682401
222.15258988444478
300.46382472813235
67.50390336707943
8.745264703734001
0.6725002576448
14.879244162911998
17.4663845900524
39.31827917814847
80.64976104933439
47.187091580111506
6.480474958438198
52.728253453614926
17.05479676223976
325.2939403345628
47.06732060650899
319.58450376171925
29.54306088276245
8.745264703734001
10.467717200344001
412.26914218831826
72.3885038338304
29.0094514950215
31.06774335252195
12.10396929339
0.6638167343628503
8.745264703734001
40.378284630429306
3.3314522217102
14.34654707007098
7.938483319429449
19.96600673525868
8.745264703734001
8.745264703734001
17.411707518356202
65.63398763761731
12.044562085335
52.69554262601933
17.8693482032781
19.631492035102102
25.225057305246203
101.76322332480706
65.63398763761731
52.728253453614926
55.27684810887492
17.467494910250053
16.17082702882637
-15.693176410916525
54.777415709513924
7.67506313806
3.3314522217102
57.18095691435706
18.5353194035892
30.612910348763616
9.050885039719605
-0.8204451164194999
35.3831058091493
2.040602177927
16.917200344786174
52.7088288399214
54.777415709513924
7.8524405442209995
16.039691041408
33.59180961723381
54.777415709513924
14.369861476697997
8.661897052660999
16.035922529812
6.9308293809489
-4.615640120857801
12.195177701695602
-15.693176410916525
-15.693176410916525
8.661897052660999
35.95358128591782
3.5669173413100497
14.495407210124178
8.661897052660999
27.584424473481914
55.14981097827992
14.495407210124178
54.7579910958204
38.10578384592752
8.183233916088
54.777415709513924
39.4710473646146
37.544154827968015
56.84818353972492
-13.671284826686453
0.3899887300006
10.304155491043
-0.5560415714496005
25.615614311829695
-1.3063183609566003
6.419134136616001
3.7915140856166003
52.7088288399214
52.728253453614926
2.9214439012849995
52.728253453614926
26.573472740467697
9.4891199501952
8.813269834805999
5.9989640685209995
0.12073760676799994
58.93375998045792
54.777415709513924
12.329926521800001
54.777415709513924
56.82344049397393
54.777415709513924
54.777415709513924
23.164642700016003
59.03989752151291
18.3132174108722
44.41058823872253
23.1656644453164
5.80300507965856
21.128319163694744
-1.1025329889953999
1.854201265299
-1.9295871941085498
2.1747327890836
5.8505312748680005
72.10941837471348
-0.7600046749394199
8.661897052660999
2.628464839217
8.590928688435
27.327767108212395
12.5988914392504
2.9512395384520005
55.64191540682034
23.948009639356318
10.711861701866003
18.927866092404404
6.073560028492
6.699501613399
22.469480081004097
10.47341528896485
6.294469015013201
7.375763961466082
24.045111772857997
0.44259288246000006
1.0487344211439997
26.51057446399136
60.61885282878701
-0.9380967265010003
-0.671359495753
4.311478309369
32.689278148806004
2.753156418306
7.0694845276356
68.73182372891749
42.33614672406158
9.223883232380999
3.6360108686705006
27.006164184882003
9.914388076176099
22.394532430399998
-0.647928502822
18.56620365826325
5.793838251816
17.0124615299862
0.9604512190932001
6.17713917498622
-3.5002298637265
4.20915310153
35.07659095819348
5.3808148619366
9.686713932335621
15.440084651493919
5.0106648060062
12.520344043542
7.9682180528014
20.055868768035296
13.783970868687101
1.5489992475249998
19.69953093727168
20.1186498647355
441.2046583901568
10.746229332269
1.6582248326060003
11.021186971308161
58.713897252226715
26.06298548402162
12.588242491269
4.929689368184
13.106347464142845
5.732169164234399
-1.8519205626579995
154.2792460377935
77.79521683244626
18.409936416528748
10.095141277822899
12.595674033389
0.9869441426666963
10.410973142791
8.076370221544801
22.261900348696322
21.392302850384
-0.964630779167
11.85039978714
-2.042282119299
293.31341410854833
23.713206676175005
54.16424639210291
18.9385763651708
3.728206309441
429.0315566106368
9.782144099426999
3.3784877262301
8.661897052660999
8.743075776167
5.452586510202
8.000378028495
3.2508867027062998
11.97211523599389
39.68999088940022
-0.22570699934500005
5.790826406794
0.720414447278
18.494536456573073
17.408934267222
1.6488653293360003
0.6725002576448
3.4442823715479003
8.661897052660999
5.3042586817843
8.236709630819
22.261900348696322
-2.6213703851339996
2.5126375504430003
0.40898486008099955
4.831601338138862
-7.512766485891279
8.853060093513703
-7.613510358056999
8.661897052660999
4.358890454063999
8.661897052660999
6.270918812824871
38.06520072165966
7.100679979482
59.38673108221678
-7.613510358056999
24.156587235802494
6.171393280402971
479.750328988263
11.704695538991702
8.743075776167
43.96187185986843
1.5979659487171005
54.89893786210706
-1.401617674297596
10.832370876305703
3.2508867027062998
4.98282965142
270.00025913823475
90.47308322876435
42.60910962595735
5.0457402374689995
0
13.806041959928997
7.8524405442209995
1.5881986627219997
28.40893779053301
26.131587841193006
-1.3420139083670013
13.806041959928997
18.979104886739997
10.136091716467782
18.806805730240303
4.063710748125881
2.9329246075683004
17.708307157473456
25.7974737296962
6.204361066647999
11.399930130166501
-1.7613876086540001
-0.1692696120002002
61.993682665852276
13.702665914635006
36.323457636534904
7.977174061042
7.161007476390999
294.060543729003
34.6667470867354
14.239189021685997
7.5193444479981
14.006353571935948
0.8154003994250003
11.998451266626201
12.001621632218601
8.661897052660999
1.0705064076744002
2.79143302295
-0.423221407333
6.4189973251942005
3.1022103520029995
12.001621632218601
-3.157205320754799
8.743075776167
26.518106335349678
1.616876319575
5.418568059138141
1.2177676882572996
5.775723844179599
2.1143747135076003
4.4209790003453
3.8927206182821004
8.661897052660999
