-4.511494928877
-1.71847261864
-0.832280436777
-2.5143479583349997
-2.424702792271
-1.0045736665260003
-0.6517717387952999
-5.275041138539
0.38236164005579987
-1.147616909125
2.7194139649329996
11.604320330929804
-4.62207856404885
4.412612948158026
-0.7689933384729998
4.395361780230999
-2.4470575532670003
2.1125646108583007
7.521576096441833
7.794492984923098
-6.456240144074499
-11.071584015407002
2.9102545162510003
-2.8587289874139996
-2.54899464892
-1.4841269837479998
-2.1248250575219996
-0.848402797917
-0.15633178179749996
-5.6199977332562545
2.881668359491
-2.285047699467
0.19822109513640018
-1.15532040753
-23.20209393486563
-3.151973337566
-2.0164949839977666
-1.2825369206228021
2.3199528860605
-0.388771701194
-1.648093435564
-6.33053547801652
0.9972432684982001
3.5595662906903702
-0.388771701194
0.5295467632191
3.4348916214607996
-8.3743683759508
1.2568284387023
1.5978135011172996
-0.7049239603476615
-1.3088195222215504
8.093104863756
-2.4161613229039998
-7.346188235472001
-4.186381975277
-1.5474874114639996
-5.7679539032989995
-4.8748332580986
20.482324563691222
0.24426926202679988
0.9755833354610001
-3.7867358283429997
-7.290815337246
-1.6489590773714002
-1.6231414781975002
-1.4981047861986
3.3141696058629995
-2.892429829447
-14.073591804784483
-4.7615464308637
-0.36901772001260014
-0.9406752294398701
-1.750508085115
6.8564128570345995
-1.600862236404
-4.4533071053566005
-13.636098322756
3.0254340497553
-1.826527698668
-2.8422990040689995
-5.567455067478478
-3.604106304684
-0.18672253694000007
-2.4537228812564997
21.4111543044698
-0.6974427920220001
-1.113488322648
0.3333328403389999
-3.5568442089750008
2.776716573712001
-4.705431099616499
-3.8925102494982005
-2.0881994947630598
-3.2601824513869997
0.7683348686302
-75.10456636510412
-3.742681791826
-1.3576032062516
-6.6858160298291995
-1.6394369807829998
13.545434990158999
0.6687124526820001
-3.604106304684
1.6171969415533598
39.241000134287454
-4.4779761437720005
9.14395540159453
-1.2984351471400002
2.7016198648029994
-1.875397815014
-1.655507875127
-0.388771701194
-0.12768048668999993
-2.357373235264
-3.9858271385840007
-2.4528380349248007
-2.824237574469
-1.9831767643659997
-0.6650436710680001
-3.450194175778201
2.404132289253
-2.7346280964182
-0.8743190578269999
10.279084995614848
2.2999226508910002
13.694067564755041
7.646474129237
-12.241856103524999
-1.511274543332
-1.3436606209853998
3.1430600955843
-1.8794314420529998
-0.872814824172
-52.230907488664826
-0.20357903109049857
-0.20787889511200008
8.594124528869656
-4.0888411140795
-0.36127878487999987
1.7873801042470001
-1.7792266454680008
-1.8201446109160002
6.008749381342999
-0.388771701194
-7.267123681635999
-3.3559852458165
0.99227779079
-1.3846637010090004
-0.017398817238500078
2.5615396961303505
-0.6212858511180003
4.3516788352317874
-1.735262885959
-11.567783267865153
-8.97786782625325
-5.826398697824
18.28390139272075
-3.178571408134901
2.3765369013345
-0.49135416622399986
-5.2751070119894
1.9310639733021
-3.5989044594787
0.27530933197734053
-1.85512346282164
-144.07863796017875
-1.27840614706
21.737454480282207
-27.36813049507077
-4.52170467339965
1.2330738509596004
-1.7802298385044995
-17.394503943566598
-4.0086977386500005
0.5912210810549999
-2.6789718789990005
-6.113468146707
3.937352757087
-0.48704221837
1.4419997298734004
7.119498488027203
-2.717119409576
-0.9318750877929003
-0.12377989918499999
-0.832280436777
-2.7195695602046
0.02095440579000002
-1.3570164953869999
3.483942759
1.9532140968945997
4.452598036158392
-9.514947399539
-3.03842766861
8.622316455981
0.24666893439849996
-11.883815156968002
-5.302232877144
-3.604106304684
-0.4443245086246015
9.701476703284
-2.3888947623758
-4.321144350867599
-1.422692060462
-2.562681617129
7.768986227666799
8.576291384941118
-1.281462479265
0.115921736921
-2.8406431417419
2.875710580319
6.067846100968299
-0.5370894656212
-2.4691500413102
-2.279529797459
40.73080013970683
-1.3570164953869999
-11.44796591137145
-2.5126979307738004
3.4348916214607996
-1.4103715565213502
0.13392552783479994
1.147373656183
1.366389187146
-3.9151236656392006
-83.20111959639365
-19.3394331306564
-2.789509451081
5.4539490598328
-1.15532040753
-0.860439485967
-20.342207303371524
5.094082951143
-5.075530529121301
0.8409419747560001
-0.95956578748
-19.761639745317385
-6.018979037245321
15.1628441374472
-10.110765909976699
-1.526948199367
1.2502095119464494
0.05136246723100002
-0.388771701194
-0.6307292919073999
0.18947829718789966
-2.4554513155661004
-1.2338953445010001
0.6097561836988
-52.09013745421924
-8.790686434347
-1.3977493082315
-1.648093435564
3.41189615729045
1.4703979100960005
-0.5347305058395001
-1.57899567187626
0.24902005679209993
-1.156283648773
-1.130003810825
610.1987560908935
-0.6132117628829998
-4.771100495962401
1.0209015981160001
-3.5445283500485
-9.3141779807356
1.4475003697829998
-2.5200083598577
-38.43156168008254
0.566903448878
3.8855249787940003
-4.013856365614
-7.3733420827789
-0.388771701194
3.129864361769
-3.2321139655872004
-10.660632920573448
-1.9720759890482007
-16.009836442568748
-4.080991025847
-1.1585258266824492
-2.5185368850606005
-0.832280436777
-3.446408449658
7.192147425087451
-0.388771701194
7.7448710047986005
0.2267758594314001
2.4925932345063
-1.220792863544
4.525693754401001
-1.578280700460001
-29.89876108358113
0.6145252768089398
1.4369943437569999
-1.216046495622
-14.00225368780065
0.10907582826500062
-3.582702429051
-3.751636025446
-1.370007706762
-5.0583787912946
-3.483103754312499
-0.73129911079758
4.3879636320359
-1.7118153354270003
-1.9323608904129999
-5.484631016694408
-1.0792191954961
-0.388771701194
-82.87150632716443
9.6919983043588
-0.028633407077000017
-0.4341237438951
-1.8641403552181
-2.9572791091945003
-2.6316642769699996
0.08099657445699993
-3.5902692764964
-1.6866865654736796
4.6565473579351
-0.388771701194
-9.41160472912568
-0.724978119035
-4.013856365614
1.2258580517420001
-1.552062955304
-4.491270396295
26.955385434796014
5.096023665545999
1.3170649631971998
-2.4782426341220005
-2.2578231391759993
-1.370007706762
-8.9569347056839
-2.4553045121940005
-3.872609006109
-5.8949023880877
-6.298668865491676
0.2718035661170001
-0.27479615391199985
0.17609869146399992
5.74005266430333
-3.44986084525085
0.7527653906857997
0.26712128571800003
-4.812942071271
-10.209979877795998
-1.8065108202189
-4.050179453111
-0.18517487619800005
-2.17045612802137
0.8067601751438
1.7281082865582003
-1.3335021089999999
-0.832280436777
-7.357414844127001
0.3440128831081001
-0.388771701194
-6.6619490331166
-0.388771701194
7.262062971224466
-4.110266013859881
3.678602941703
3.2232867977449993
-3.1743440403088004
-3.9047112686094003
-1.1294950302788
-3.1894451336719998
-1.7591041966021699
0.5959489894835999
8.875543713855873
-0.388771701194
-1.7074931056148
-6.135232550574
-2.7801767743140005
-3.6848024530019
-8.0786137171532
-1.927435388177
1.509627156535
3.2403338430478006
0.694670219379
-3.291150847026663
-3.2330396154929995
-1.4620055598039998
-2.4247343295570003
-4.171329781294
-1.2940090707225005
-1.0904410035902001
0.32010145320199995
-4.511494928877
-0.388771701194
-8.5717777354349
-4.035077781789
-0.537727269985
-1.048761061134
2.475872571028
-3.357921383799612
-7.151092428608999
-2.4631566734739003
1.1380880801808801
-3.999769620543696
-1.929910512484
-4.013856365614
-2.5031788053495
-1.3063657522379999
-5.0713787267370005
0.9645461304260001
-1.511877720987
3.39789464429005
0.25678619864299995
0.5863809612070001
-5.96150003793
2.257785528616
-0.2890790169316
-4.3066920702455
-2.127471840323
-0.388771701194
-2.0852425282720004
-1.4820951851400015
0.6361244711890002
-0.388771701194
1.873790513326
1.5869144499915504
-0.832280436777
-0.02461493483599997
-8.246486901675
-0.24754231585200004
0.27863067926599994
-12.119687406303
0.14208994480400006
16.422419349285
-11.700524798871003
-2.0105363847353397
7.5360767591276
-1.255556193996
-0.1411419956544001
-4.447443852317001
11.249834182938802
-16.986543632127447
-0.388771701194
0.4745240991884999
24.828319599866397
-3.604106304684
3.420049825863
0.8251278814534293
-10.04735021559
-0.7973518683740001
-6.986556894099
0.07806253297440002
-1.1663151035819999
-2.264728649805
-1.8644166283920003
-0.5826808622781801
0.4055230840958998
0.8132655739600001
-18.1846431712055
-0.388771701194
-2.32427071470678
5.207521090824001
-5.644615350237101
-0.388771701194
-2.3828814309895
-3.4493783496000003
-0.2606298570320001
-3.361796997389
-16.04488288108115
1.5331795507470996
-7.029537948137999
-2.9843403559299997
4.8781239548995
-6.763983121336
-11.540850182631926
119.82176977830441
-3.0353200703182
92.04917384419214
-2.4841044362930003
5.19965274112531
-1.15532040753
-0.9764942767879999
-6.396259657397001
0.6145252768089398
0.2267758594314001
-1.216046495622
1.4369943437569999
2.4925932345063
-1.578280700460001
-1.220792863544
4.525693754401001
-29.89876108358113
-1.7118153354270003
-5.0583787912946
-14.00225368780065
-3.483103754312499
-1.370007706762
4.3879636320359
-0.73129911079758
-3.751636025446
0.10907582826500062
-3.582702429051
-0.388771701194
-1.8641403552181
-1.9323608904129999
-1.0792191954961
-2.9572791091945003
9.6919983043588
-0.4341237438951
-0.028633407077000017
-5.484631016694408
-82.87150632716443
-3.5902692764964
-4.013856365614
-0.724978119035
-2.6316642769699996
0.08099657445699993
4.6565473579351
-1.6866865654736796
-9.41160472912568
-0.388771701194
-1.370007706762
1.2258580517420001
-2.4782426341220005
1.3170649631971998
26.955385434796014
-1.552062955304
-8.9569347056839
-2.2578231391759993
5.096023665545999
-4.491270396295
5.74005266430333
-5.8949023880877
0.2718035661170001
-3.44986084525085
-3.872609006109
-0.27479615391199985
-2.4553045121940005
0.17609869146399992
-6.298668865491676
0.7527653906857997
0.26712128571800003
-4.812942071271
-2.17045612802137
-0.18517487619800005
-4.050179453111
0.8067601751438
-10.209979877795998
-1.8065108202189
1.7281082865582003
0.3440128831081001
7.262062971224466
-7.357414844127001
-0.832280436777
-6.6619490331166
-4.110266013859881
-0.388771701194
3.678602941703
-1.3335021089999999
-0.388771701194
-3.1894451336719998
-3.9047112686094003
-3.1743440403088004
-1.1294950302788
-1.7591041966021699
3.2232867977449993
-1.7074931056148
0.5959489894835999
8.875543713855873
-0.388771701194
-1.927435388177
0.694670219379
-3.291150847026663
1.509627156535
-3.2330396154929995
-6.135232550574
-8.0786137171532
-3.6848024530019
-2.7801767743140005
3.2403338430478006
-2.4247343295570003
-1.2940090707225005
-1.0904410035902001
-1.4620055598039998
-0.388771701194
-4.511494928877
0.32010145320199995
-8.5717777354349
-4.171329781294
-1.048761061134
-3.999769620543696
-3.357921383799612
-7.151092428608999
1.1380880801808801
-2.4631566734739003
-1.929910512484
-0.537727269985
2.475872571028
-4.035077781789
0.25678619864299995
-1.511877720987
-1.3063657522379999
0.9645461304260001
3.39789464429005
-2.5031788053495
-4.013856365614
-5.96150003793
0.5863809612070001
-5.0713787267370005
-4.3066920702455
-0.388771701194
-0.388771701194
-2.0852425282720004
0.6361244711890002
1.873790513326
-2.127471840323
-0.2890790169316
2.257785528616
-1.4820951851400015
-0.24754231585200004
1.5869144499915504
-0.02461493483599997
0.27863067926599994
0.14208994480400006
-12.119687406303
-0.832280436777
-8.246486901675
-0.388771701194
-16.986543632127447
-0.1411419956544001
16.422419349285
-2.0105363847353397
7.5360767591276
-1.255556193996
-4.447443852317001
-11.700524798871003
11.249834182938802
0.4745240991884999
0.8251278814534293
3.420049825863
-3.604106304684
-6.986556894099
-1.1663151035819999
0.07806253297440002
24.828319599866397
-10.04735021559
-0.7973518683740001
0.4055230840958998
-1.8644166283920003
-2.32427071470678
-5.644615350237101
-0.5826808622781801
-18.1846431712055
-2.264728649805
5.207521090824001
-0.388771701194
0.8132655739600001
1.5331795507470996
-16.04488288108115
4.8781239548995
-2.3828814309895
-0.2606298570320001
-0.388771701194
-7.029537948137999
-2.9843403559299997
-3.361796997389
-3.4493783496000003
119.82176977830441
-2.4841044362930003
-3.0353200703182
-11.540850182631926
5.19965274112531
92.04917384419214
-1.15532040753
-6.763983121336
-6.396259657397001
-0.9764942767879999
0.44711350878765
5.671294123842401
-6.294500879960399
4.120699451652801
-4.706779607652001
-0.24198970281500007
5.121982201926
1.6081965906799995
-3.5692711439669997
-3.3210966694349997
-9.149278852066999
0.8661238467460998
-20.617064384441004
-0.388771701194
1.6809018604730002
6.229311461697501
0.5184788811411003
-0.07942021919800007
-3.205321819657
0.09167353845900017
0.43189396288100007
-7.6188242059727
8.027878284003402
-0.17698499277919966
-3.181832349349
-0.48847517127810014
-1.7306205211799999
0.28425301734401026
-5.0654719568890005
0.12501970667299997
-2.4470575532670003
1.2329390039733998
0.30675128000500007
-4.081374379654
1.310518845786
-3.586121960553
-0.24495162900889955
-2.765494221578
0.07506158093024012
-1.613675754294
-2.708830705694
-2.2451636909158497
9.848921751554201
0.8284573174546
-3.084265398338
0.305505199555
-1.4736443861229997
-1.5169405178992
2.2223666286750006
3.075511020343209
-4.9567867015089995
-6247.044169238625
-3.811960112614001
4.55302186442986
0.11387611497099992
-4.911868948337
1.1871686800874004
-1.9850063271819998
-8.708739914845154
-17.30829275276224
-0.832280436777
-4.0970466755157995
17.677486691166248
-2.9788818750007997
3.4382507403750004
0.9652452496232999
-0.388771701194
-2.156496492837
-5.4992235491259995
-4.4866388755369995
2.4049750088610002
-1.0639614759841005
-3.1137005438719996
-10.289124909168601
4.388086853284002
-0.388771701194
-0.8384271029849997
-7.439102130564
-1.6027357817130001
-5.528718845547
-9.960985785309902
-0.7773663154518
-6.671588103757251
-0.4631841566242001
1.9781648580467999
-540.0588140428459
-0.25713591604249997
6.7996375580336
1.288619213966
-0.388771701194
-1.728714478189
6.789711098558
3.9508252612920005
-0.388771701194
-3.1580869564590004
-0.2676771413960002
-2.4808991125300004
0.7764441547668999
-0.19409444751000002
-0.388771701194
7.526180532888
-1.5407596795910001
-9.106576932345
-3.132952265763
-0.36360942734410023
-1.941159979579
-1.3622730855940004
-1.777689189029279
-0.9139025348400003
37.833137209899
0.9088466349181998
-10.855101436455298
-3.4132640229670006
-2.304671967987
-7.248247314952
-0.4125250716000002
-0.388771701194
-2.355401960046
6.1203291998825
6.264271284428
-2.356953470632
-1.4560569637727
7.984570426194
-3.5027008638984
-0.593975455906
-0.9508150013259999
-1.8461831980250003
-17.814893287870756
-8.4564342345837
1.2104468182989998
0.2572232548515003
-1.002535535727
-1.8180759264739998
2.891540600901001
0.251974197851
-1.3893257430647
-5.6723402675240004
-10.165032718988
-3.60254303613
-15.544802713939998
-10.201635923454502
-2.508205540241
-3.1671650055289993
-4.266184539468
-0.832280436777
-0.8121831466510001
1.2118006366
-3.604106304684
-7.409235668754899
-3.2844772908229998
-2.4288822417629996
-0.377752233076599
-25.7872726201974
5.159618854914281
-1.609055733093
-3.2317065145842
-14.2474997358544
-27.347575758745094
-8.014400611820001
18.389968272831265
2.2627940246289997
-0.8900947702604005
-3.7870572463839998
0.662782189926
3.7146602969253992
-0.388771701194
3.1816842015999995
-9.147260622934
-2.1770432934605335
0.3205235962648003
-2.7266695655069997
-23.72526711261236
-4.756144377626851
-0.7267692413100504
-11.6539156982655
0.27238928067600005
-8.6862242497596
-0.9361863659778988
-2.4979882216727
-5.6822777602012
-3.151915098035
-3.171152392027603
-3.8080540799310003
-6.5373008989270005
-0.3014164993479
-0.802293290166
-1.7667026611
1.5915458657099992
0.6231844617607496
7.623403115684001
-3.0626240744239994
-7.292245633769021
-12.260975552311404
-0.388771701194
-36.639618345394
-0.8491324719814002
-0.388771701194
-4.489699843931439
3.111098851762
-21.4429963080588
-1.784915597618
5.666580237233
1.3821805619064
-0.8535739698809999
-2.563668418167
18.38925922001961
-1.7667298846091986
-2.156221735626
4.6750447767239995
2.120616564206
-1.3596367212532423
-0.08436893971659998
-54.01046158349565
3.3892454897095
-1.344042392413
-2.6233464830370004
-0.388771701194
-2.9056047100059996
-3.585903522187001
-7.1942349159150005
5.598047662457601
1.7831003490610002
-1.255625695486201
-3.9595595964170003
-0.8047047192179999
-2.6632318780952797
2.2239915975874003
0.5692076348190254
0.794711982473
0.9747615889629997
-3.559832001274
-0.9503139951741002
-0.016902576050000007
-1.410247908196061
-4.364829030950501
-7.317506302153
-5.81026233393185
5.657291657716
-5.125280067185001
-3.6038836228390005
-4.519574287733599
-0.1170161885309996
-0.957439177065
-0.6187413540887006
-1.174328368606
-0.388771701194
-4.8342251758315005
-0.8802791334844002
1.4115587132079999
-1.4594286308925992
-0.5160576445629999
0.825058972383
1.9133819641320002
-5.0122558432614
-4.168510583661
-2.4254307416991
-4.258593686607001
-2.680556450868
-0.832280436777
-2.762405493703048
-0.832280436777
-13.054162652560802
-3.740415822823001
-7.944058830827
-0.416619182228
-0.388771701194
-2.0122354286001
-3.02943724573
5.16165315088565
-2.610668557981
-1.6810652458817998
11.246728513356398
-11.371070952488898
-11.112194066564903
8.127329980674
-2.0374985537040002
-0.388771701194
-1.7687411170599996
18.354754111267802
4.034153329067579
0.22023749963029998
-3.4330830281540003
1.9267811936526986
-4.945833957457
59.088864545081414
0.32010145320199995
5.211694101962606
-0.711600323862
-1.3599109608331699
17.857337445883072
11.28662710385055
-3.6226903620021007
-0.6689874594960012
-4.583450257003
-4.8342251758315005
-1.4594286308925992
-4.519574287733599
0.825058972383
-0.5160576445629999
-0.8802791334844002
-2.4254307416991
-4.168510583661
-0.6187413540887006
1.9133819641320002
-4.258593686607001
1.4115587132079999
-2.680556450868
-0.388771701194
-13.054162652560802
-2.762405493703048
-0.832280436777
-5.0122558432614
-7.944058830827
-2.0122354286001
-2.610668557981
-0.388771701194
-11.112194066564903
-0.416619182228
-11.371070952488898
-3.740415822823001
8.127329980674
-1.6810652458817998
-0.832280436777
-2.0374985537040002
-4.945833957457
1.9267811936526986
0.22023749963029998
5.16165315088565
18.354754111267802
59.088864545081414
-3.02943724573
4.034153329067579
11.246728513356398
-3.4330830281540003
-3.6226903620021007
0.32010145320199995
-0.6689874594960012
-0.711600323862
-4.583450257003
-1.7687411170599996
5.211694101962606
-0.388771701194
17.857337445883072
-4.013856365614
-3.095858940648001
-0.392544087711
-1.3839035489203
11.28662710385055
0.25092846634870003
-1.3599109608331699
-1.307857274486
1.1168470881408998
-2.9839775559539996
-3.338609240832
-2.721401908358
-5.898679675433
-3.627269328933627
-3.5796216050889997
1.141027998447
-2.7668451950510997
-1.2544689673243998
-2.2617727725704007
-5.7810696667325
-12.667763544332999
-3.3648461414449997
0.22013545997400003
4.682662566902399
-32.68748417918434
-3.089941439417
1050.5612534623663
0.6889122986641999
1.726280685888
1.496942043582
-0.388771701194
-326.4951882559657
-1.2553928144351698
-0.388771701194
0.4871258060079998
-1.9958843352637998
-33.37989237998889
-1.7190006918858
-0.14099264837580017
3.1549182655489987
-2.440096017825
-2.913183101074
2.7976879130685
-4.457365101197
9.212115613681
-3.6581219354950005
-40.48258209239719
-0.509340868859
-1.55049225179
-1.8133512287625004
-8.339484218596251
-0.832280436777
-1.867589895997
-2.666246462569
-6.6625899616765
-2.22614715164275
-4.241320010203999
-1.221052137971
-2.72930897052708
-2.391205665087001
-12.996162114883912
0.41870040504999995
1.656487025650696
-2.2496704916125
-0.34074134520862476
-6.318443403174
-5.079879719047301
5.5266599333478
-2.286570527345
-5.1322561573187
-25.110120091545582
-3.0125343081520004
-10.479662920694269
-5.701605534051
-0.15960644028100002
-12.883075049044601
-1.370007706762
10.0130266597282
-0.00837653308600006
-3.607921724032
-15.954437271821192
-0.622195702675
-5.886239390330782
-4.06216355491218
-3.2406187634920003
-1538.300637670675
-3.78917930464
1.990262478091
0.3412099689707999
-3.861337653037
-15.386481783311252
-2.9992918529829997
10.211480910064001
-0.388771701194
-10.713384288423203
-3.1923177127755
1.6205637259460002
-0.388771701194
-8.725646434046698
-5.120643955235001
2.3021817371606
5.0453107381598
0.684105262896
-0.388771701194
-1.5568137642641804
0
-6.830453853259
0.44095202745643386
12.1673221761983
-0.30307677882170003
3.7912079103860004
2.90179145669
10.823411786785702
1.1843383996791994
-8.359471309313001
2.5789884305590003
1.877397145506
9.13388841387711
-4.106796315977
-1.092377499131
-0.711600323862
3.77523944016
70.61523320492024
1.110611195101
2.4346461863710003
-4.0406867018122
-0.2054348269288
-0.8835558278849001
-0.388771701194
-10.389319744349502
-1.13114835578317
1.9611560249650002
10.68802787555
2.651243913728
-4.382938301097
-0.388771701194
-11.6177948311913
-0.510746697946
1.9273412627402198
-4.37456164962
-2.35124371233
-7.73131040615815
-0.6670080221590002
0.9998520546710001
-0.9758932529290001
-7.2457313215768595
-7.13945075927803
-1.648093435564
-7.89002560014
-3.604106304684
-4.413018533154
-4.945754745818615
0.34169021963800006
-1.370007706762
-6.989029342614
-0.388771701194
-0.388771701194
-15.107096496623893
-1.6204718418264
-3.5361129656698504
-8.4901089745772
1.9306682440260001
-1.6810968579730003
-0.466889504183
3.181239007225
-5.236874129598999
5.56684877813
-0.6634075795169999
3.4348916214607996
-3.4050280422809998
-2.967662611083
-6.233517836064
3.274819358878
1.7160139938651122
-6.650570810688199
-78.28602578842006
-12.905859221266798
-20.6411611757427
12.95551349887906
-8.925578594468
-1.5462233107780001
2.6177173567059997
-6.7980698093778
-25.781273484716433
0.642833267626
4.069383484193
-0.22269953647500018
-0.4881881263305
16.0654457696115
20.197860265789
0.23137933187049986
4.9988937484610005
-5.943634585193
2.199377594566
-7.631504281704
7.053899738956999
2.538718201705
0.1856343511747498
-0.200720579549
-4.013856365614
0.2833797367480002
-11.345385561140402
-67.08147738467362
1.039948603862
-1.370007706762
1.5631328415993
-1.162825448797
7.538726880261889
-2.6403738813190003
-4.175896510313001
-1.5950048788427003
6.533297014876
4.017251199685999
-1.6416433106487012
-2.819700265802
-7.241314966348001
0.2771848234751001
0.6686163478619997
-0.5401082777669997
-0.16112025186
-6.602340153826599
1.769741626421
-7.434625077930409
-2.7622814260538
-2.0706987076630003
0.857939964726
0.18699291906899998
-1.553795118162
-2.3696094575997
-4.413018533154
-1.210749188624
-1.8633805873698004
-4.705864715341999
-1.16978378437
-1.0017971611470002
-1.357016495387
2.1873926227169
3.8671571073420004
-2.4649239873351836
-3.7447495655561003
7.453294605661001
-2.3045241445399998
-0.4728414910228001
1.8084450895943496
-15.520002583754042
11.379883314001
0.12798625849600004
-2.1443954446326
-6.389268105129
3.7647294217639997
-0.832280436777
-6.652372238018201
-11.1307130508302
-2.6709483244100003
-0.388771701194
-17.9365197459583
-17.168558118476497
-3.9500202176180004
-0.832280436777
-5.9242824562644
-2.06924339042
0.533662469517
-2.345640353834
-7.437948644693201
7.1272638117025
27.08082555528447
-0.006960769008999945
6.128159368637
1.3825592218629998
-1.15532040753
-0.6248479482120001
5.809445636276
-0.08758492556200002
-2.593927718392
-1.370007706762
-4.382420324133101
-0.873285107821
-3.275956078784
-9.27144914335
-1.773406015011
-2.9786458305899997
-4.013856365614
0.15530102023549924
1.0299858189905
-3.6842652303076
-1.310359058454
1.9991179837795
-3.1958538133001273
-1.8052086894230004
-4.8522194565072
-4.491507499697001
1.9470841567770005
-8.012874062036001
-0.815933395851
8.405260775254
-0.965608100147
7.797853320448817
-1.6540687429083998
-1.600718694492
-2.389624683338
-2.595123600484
-18.330270881624998
-1.6064635760900612
-4.987854490952
-1.8189873195457
-10.477636238372881
-5.233376394883599
-7.544777943587699
-0.13651839929640003
-3.5759253182525996
-4.885908976074001
-0.388771701194
2.0690180145
5.9906591135647
-1.043740061966
-0.7323857466785999
-1.13551116013
-8.200174423795
-2.1861193731728
-3.6511988532909996
-0.43403322552199985
2.618909712052199
-7.491984349562898
-4.827058359954199
-9.233615094254699
-1.3771800086439998
4.98430202264714
13.848380263060244
-2.919296777624
-2.0441334882432
-4.559033649693999
-2.357373235264
11.4357599754908
-4.6766632154624
-0.6048677389780002
-0.388771701194
1.2891940734984
2.815623856018
-1.8705152954370001
-3.604106304684
-3.5423721921430005
-6.937583290116001
-6.325679895207499
-1.195825681742
-3.44310143775217
-3.6259606925824
-0.9793779179601003
3.185008531636
6.992596355710999
0.33307559570649986
-2.1975576720782
-6.511061685900509
0.300290433851
-17.730719661227674
-6.327911323662
-0.4087942844743
-1.6315505652984
-4.8446367101145205
-2.079263275781001
2.9853621830445993
0.5095302282267999
0.9441933087119998
-0.007417905175000072
-0.3790227963830001
-2.9425026839784003
1.76060065377292
-0.388771701194
-8.144668409238
0.826013695919
-5.474392625016996
-1.3071306501580002
-1.2298687537854
-6.421021259467
1.725081175555
-3.4282538107043203
3.791207910386
-3.276059545304
-2.060898983417
2.615681138681
9.7124772716579
-3.9764376356463
9.281185345578
-0.3391422136387588
0.25678619864299995
-1.16258996686
3.2220093823424003
-2.338252500955
0.18475252262280017
7.070897201588018
1.2656595128440002
-16.92672385071306
-3.4050280422809998
16.872989897201
14.45094831101539
-19.67393568407784
-3.6147464259769997
-8.980386139693
-1.3570164953869999
-2121.196021085286
0.6011152774999999
-0.388771701194
2.4753129788079997
0.4031582392900003
-2.2170185306958
-6.0618981953508
-0.981864190479
-1.648093435564
3.925398597074
-1.78282168769796
-8.02308237039669
-4.668121495893001
414.6129806782549
-10.763995769255
-1.623126056088
-11.169541338640999
-2.5453648135140003
0.009495048677500062
-8.457632030997
-0.388771701194
1.0281226331494
-10.099088997236825
-5.3423054052150505
4.169324666504
-4.926809228758
-3.9833341657348003
-4.0561421809830005
-11.108410930849
-5.908764309649
-10.760298071809
-1.2792057826800003
-1.4166807004885997
5.673082984420001
-3.964960203529
23.377477869332825
-1.047968068401
-4.291364407414
-3.604106304684
-0.33271306450500004
-12.3744431559098
-6.937583290116001
-0.6048677389780002
-3.5423721921430005
11.4357599754908
-3.604106304684
4.98430202264714
-1.8705152954370001
-4.559033649693999
-4.827058359954199
-2.919296777624
-6.325679895207499
6.992596355710999
-0.388771701194
-3.44310143775217
2.815623856018
3.185008531636
-3.6259606925824
-4.6766632154624
0.33307559570649986
1.2891940734984
-1.195825681742
0.300290433851
0.5095302282267999
-0.4087942844743
-2.1975576720782
-4.8446367101145205
-6.511061685900509
-0.9793779179601003
0.9441933087119998
2.9853621830445993
-0.388771701194
-1.6315505652984
-2.079263275781001
-1.3071306501580002
1.76060065377292
-17.730719661227674
-8.144668409238
-1.2298687537854
-5.474392625016996
-6.327911323662
-6.421021259467
-0.388771701194
0.826013695919
-0.3790227963830001
-0.17129816827439992
-3.9764376356463
1.725081175555
-0.007417905175000072
-2.9425026839784003
3.791207910386
2.615681138681
-3.276059545304
3.2220093823424003
-2.060898983417
9.7124772716579
0.18475252262280017
-0.3391422136387588
-3.4282538107043203
-2.338252500955
-19.67393568407784
14.45094831101539
-10.0471214150204
1.2656595128440002
-1.16258996686
0.25678619864299995
-2121.196021085286
7.070897201588018
9.281185345578
2.4753129788079997
-3.6147464259769997
16.872989897201
-3.4050280422809998
-2.2170185306958
0.6011152774999999
-8.980386139693
-16.92672385071306
-1.3570164953869999
-0.981864190479
-0.388771701194
-8.457632030997
-6.0618981953508
0.4031582392900003
414.6129806782549
-1.648093435564
-1.78282168769796
3.925398597074
0.009495048677500062
-5.3423054052150505
-0.388771701194
-10.763995769255
1.0281226331494
-1.623126056088
-4.668121495893001
-8.02308237039669
-2.5453648135140003
-11.169541338640999
-3.9833341657348003
-10.760298071809
-4.291364407414
-5.908764309649
4.169324666504
5.673082984420001
-4.0561421809830005
-10.099088997236825
-1.047968068401
-4.926809228758
-11.108410930849
-6.7749785264162
3.673678384034
-12.3744431559098
-3.964960203529
-3.604106304684
23.377477869332825
-1.2792057826800003
6.069405639592473
-0.33271306450500004
-1.4166807004885997
-5.691033822494
-3.604115924246401
-11.952967280529274
-0.832280436777
-2.030133942146
-19.709109619408885
-1.813583817564
-3.2184042457670006
-4.7190272916645
-3.7880213937700002
3.3083257100349996
-1.957242253434
-5.308121513474
-1.9665811811159002
1.1988526694463748
0.46153327125279997
7.164018149851081
-7.913383079424
-9.658095100029
-2.064646589963
-1.370007706762
0.20511761032500003
-18.880838343300052
-0.23191610455419998
2.078414075146
-1.488112492832399
-5.395641845650001
0.008242883491000219
14.085741555633476
-0.255703549043
-0.09143647392292076
4.24897581089
-3.397588054802
-0.4537227778085
0.47098543822383
-0.388771701194
0.9139978784259999
-0.32266257116700003
1.824585960586
-2.800881970847
-14.524961577373503
0.17552106192019995
2.9625353391101497
0.6864250405579999
-33.43088571200962
-5.328575483783899
-6.8237955727359
-2.9894942410149996
-0.788945708195
-3.604106304684
-2.598782430897
-2.285716006234
-1.102714575195
-4.413018533154
-0.6470942062399234
-0.15927954045289988
-8.162518696006
-0.9022490603410002
-14.848425169663459
-5.9709561793356
-2.7767449027727
-1.370007706762
-2.7461496866716
-0.92127579073
-0.3207834005634199
9.382924425276
-3.9556208901332006
-0.388771701194
-0.832280436777
0.3665591537962
-15.1896826552921
-10.261813268234354
-8.284470618702
-0.388771701194
-3.7916807421916006
-8.4956655886657
-6.7503871560123
-3.2493167820444007
-0.832280436777
-1.00562122668131
-6.127198163677
-4.241320010203999
-0.6699345370221204
2.031099849167
-3.1654941808318
-0.388771701194
-5.0289051509260005
-65.93242864963383
-5.629035149231961
-6.746248334924598
-9.609788832465359
8.785522210314001
0.6465541009060001
-0.9365873341615999
-38.29572173550444
0.4868512719899999
-1.5738313457370001
-0.22167732962899978
6.402197493247499
-1.6144419622034
-0.39036747914135
-0.388771701194
-4.983755828942
0.31875989873599997
-0.5438404296565
1.4071916317314002
-0.47159926081449965
3.5513694340479995
0.249245095646
1.594323668366
-0.11019655230900002
-2.647012398538
-9.6645368047932
0.846316361225
-0.73847492972
-5.034343377718
1.085690210752
-5.7735625792702
1.9543004193930003
-28.946561183902098
-0.388771701194
-7.075831452577999
-12.125575424044222
0.012519807921499648
-0.388771701194
-1.6202796614970003
-0.388771701194
4.684693120353
23.09965858602131
1.0688444596671998
-5.406853253629
2.0472519863830003
1.5783505974020005
-0.3014164993479
-6.98211400086848
-8.7018565796135
-1.370007706762
-0.788357121437
2.349275698133
-0.886177361936
-3.1114177524420006
-8.16349652948237
-0.20564874205499994
-3.604106304684
-2.348383837674
-4.57112822376
-8.465313554103199
0.023392990220900245
2.7181011113836
-12.158121040775596
-6.400920089634
-13.7528642668115
-3.277063680594
-4.3890653184335005
-0.3782853177829999
-3.762562823977
-0.388771701194
-0.17118036675219994
-0.799359565779
-2.827227167654
-1.370007706762
-16.053629591400558
2.4637783661219395
-31.0572573768503
-0.9902162051300001
2.88144975382
-0.388771701194
-2.17398518792
9.474360989676999
-9.677192478574002
-0.832280436777
-3.0242850720986
2.402876758895
-2.274971425273
9.0514865288424
-2.35124371233
-7.276269446394
5.1651443554828
-3.492235685897
-5.476176646380001
-0.388771701194
0.09093246577300002
-0.388771701194
-0.303230723353
1.8589937168454
0.02352317792659986
-2.6338819191815
1.1248609601719999
0.9726409623699999
-5.1966967112578
-4.0278625196286
1.0147660892542
-3.604106304684
-1.5796403730340005
-3.838013784451
-0.2745737845814007
-0.9478013584540002
-5.606321161703
1.0990490697279998
1.2821030961458
0.32826170072199995
0.17172171833199995
-0.664953036829
9.733183160897
-13.516945466737297
0.8359991191657997
-6.136780649140201
1.835118157669715
5.437132937596039
-5.032246170587601
-1.8411388924835
2.137108875949
0.5508359267729999
-0.651646215817
0.25678619864299995
-4.736744390126
-4.620240484928
-5.290226884459
0.4255739316574
-0.388771701194
0.649464054906
-11.857942517571999
9.00823392977675
-6.5218506883927
1.598706018587
6.377274705639
-2.4319466869588364
0.21906825343700004
24.111089161341003
-0.388771701194
-1.2979989124768
-5.797184088832001
0.04774817852600001
-1.0358884440290002
-3.6339187583334995
-6.9150678643324
-5.386703655551
0.5690994444349998
-0.09340554651975036
-6.8629419291272
-2.1167460613680005
-3.954884955661001
-0.9269418360647999
3.7275171531649995
-1.661897836306
1.7416938159050002
0.09912773249729995
-6.531649157403
0.5062007288229999
-0.8969481046259999
3.50628330759095
-4.291364407414
4.562258520533
-6.577535606982001
0.57010582569
11.723075312811002
5.097346962937
1.5824018308413004
-9.297424931944
-3.6852126907886
1.3024378356964994
2.01194759257504
-0.31960110641399986
2.347004337671
-7.671946088081749
-6.221040824237701
0.040583616561900016
1.2330738509596004
-0.388771701194
1.615154136665
-1.732952640818
-0.832280436777
-0.3891716508316999
-0.388771701194
-1.278138560317922
1.2930478899154239
-1.370007706762
-1.232879556552
-3.9064664842979995
1.0152492118259997
-3.067270702914
-1.370007706762
-1.483926652594
-2.543402064657
4.424777655152
-1.834101790663
-10.7244105331161
0.12216282930999994
2.4203149917695
-6.9111800373488
-1.9867827335139998
-15.711890094762
3.0466072148989998
-1.8295810056149997
-8.096063543959401
-0.388771701194
4.315058529349
1.14516843277
-3.5776252933718005
-5.629135028529
-11.612714174416
5.7434423122150005
-1.5428978448569999
-13.142890264429804
-0.9092060866710001
-0.2112249969474
-4.457365101197
12.588060492737
8.5172834800546
-2.8669671600460003
-2.1434791022233
4.6303163348665
0.946415980662
0.0286718740927
11.118714037217797
0.767897497696
-3.66332468739722
-14.1200147551118
-3.019010979507
-2.253827903704
-1.9823178946890005
-11.952278338368
-7.18304939475758
-4.40721589068
-2.562153193284
-9.934642693853501
-1.8472054584672004
2.4753933467072997
1.08658690784
28.95538135033991
-8.566664968354
-0.06866638755240004
-4.295894311015
-0.351768036167099
-4.900012797978
-2.0225174410040005
-2.76346188232922
-1.6136757542939997
-3.604106304684
-2.357373235264
-1.302831458914
-53.06714562628667
681.1959646831288
-4.0967717017759995
2.2999012445149996
-1.13551116013
1.4820581099300805
-8.5173786607452
-0.832280436777
-0.34769409737499984
1.555277565825
-0.388771701194
-9.785622092621896
3.658342259907
-0.38787658357700017
-1.5243361543706
4.004535754672499
2.362221293889
-4.3474755357144
-0.200720579549
-1.813609637481
-1.4033163128050004
1.6037314098830002
-3.161111956727
-3.619834733886
-3.6339187583334995
-5.386703655551
0.04774817852600001
-0.9269418360647999
-0.388771701194
-5.797184088832001
-1.2979989124768
0.5690994444349998
-1.0358884440290002
1.7416938159050002
3.7275171531649995
-0.8969481046259999
-2.1167460613680005
-3.954884955661001
0.09912773249729995
-1.661897836306
-6.531649157403
-6.8629419291272
-0.09340554651975036
-6.577535606982001
0.57010582569
3.50628330759095
-4.291364407414
5.097346962937
0.5062007288229999
11.723075312811002
4.562258520533
2.347004337671
1.3024378356964994
-3.6852126907886
2.01194759257504
-7.671946088081749
-0.832280436777
0.040583616561900016
-9.297424931944
1.5824018308413004
-0.31960110641399986
-6.221040824237701
-0.388771701194
1.2930478899154239
1.2330738509596004
-1.278138560317922
1.615154136665
-0.3891716508316999
-0.388771701194
-1.732952640818
-3.067270702914
-15.711890094762
-3.9064664842979995
-1.370007706762
-1.483926652594
1.0152492118259997
-1.370007706762
4.424777655152
-1.232879556552
-2.543402064657
-1.834101790663
-10.7244105331161
-1.8295810056149997
-6.9111800373488
-8.096063543959401
-0.2112249969474
3.0466072148989998
-1.9867827335139998
0.12216282930999994
-5.629135028529
2.4203149917695
5.7434423122150005
-11.612714174416
-3.5776252933718005
-4.457365101197
1.14516843277
-1.5428978448569999
4.315058529349
-0.9092060866710001
0.0286718740927
-13.142890264429804
-9.934642693853501
0.767897497696
4.6303163348665
-2.8669671600460003
0.946415980662
-2.1434791022233
11.118714037217797
12.588060492737
8.5172834800546
-3.66332468739722
-1.9823178946890005
-3.019010979507
-1.8472054584672004
-7.18304939475758
-4.40721589068
2.4753933467072997
-11.952278338368
-14.1200147551118
-2.562153193284
-2.253827903704
-4.295894311015
-0.06866638755240004
-8.566664968354
-1.6136757542939997
-2.0225174410040005
28.95538135033991
1.08658690784
-53.06714562628667
-0.351768036167099
-4.900012797978
-1.5243361543706
-9.785622092621896
-1.13551116013
-3.604106304684
681.1959646831288
-4.0967717017759995
-2.357373235264
-1.302831458914
-2.76346188232922
2.2999012445149996
-0.34769409737499984
-0.38787658357700017
1.4820581099300805
-0.832280436777
-3.604106304684
3.658342259907
-0.388771701194
-8.5173786607452
1.555277565825
-0.24491135023726007
-0.200720579549
1.6037314098830002
2.362221293889
-1.813609637481
-1.4033163128050004
-4.3474755357144
4.004535754672499
-3.161111956727
-3.619834733886
-2.973427981679947
-2.9972014998539
-1.289443905235
-0.388771701194
-1.311684353597
-3.5674131799440003
-5.735320549781999
-2.811056967048
-1.9543823817148
-3.565248728705
-2.9710814748839
-2.497654530909
-4.613547158474
0.008249272401999685
-4.643436010807
10.8383327965779
-8.837093154884
-0.388771701194
-0.15805610459200004
-0.653961902369
-0.388771701194
-1.102714575195
-1.673002139422
-1.217923673823
-1.7915424780350002
-0.388771701194
0.25678619864299995
-1.638640607914
-3.5243760607053
-1.4469232123971247
-20.549088265187603
8.807678998479549
-5.195040276577
-0.832280436777
-4.659381592248501
-5.9411731826039995
-4.026138944004
-1.258891101649
-1.100135038765
-10.650838089010998
-2.997364100304
0.7522775115460001
-8.4480275048864
-7.3333138595272
-1.055680290936
-7.614456460944001
-4.196826729392
-1.132904230564
-0.47342097875790046
-0.388771701194
0.22013545997400003
0.7473897352532002
-10.4688878260954
-0.388771701194
-3.4427524550740007
8.475095528190801
-1.0873775842525
2.1197030012823004
9.7266471505654
-2.2638889999549994
1.4533034305095
37.595576390447
-0.5240250025240001
-0.13278808764599997
-3.701139122695051
0.9360572118374
-4.696233770535899
-1.957242253434
-0.9549336313410004
-1.5884128092579999
-13.74889264389375
-0.30910794809539877
-2.9936249102317
-2.550193478369
-4.496215368757
-0.3787419970579
0.5024497529279998
-2.982172276701
-1.7368827878719197
1.1603377245489999
-3.1641924746768
-2.6905080399749997
-0.832280436777
-4.013856365614
-3.220401205418999
-0.388771701194
-11.126895805191097
-0.832280436777
-1.1135146615583005
-1.8514486079320003
-1.653501077542
-1.102714575195
-1.8493032844300004
-3.5731025375270002
-7.165200786920001
0.3307715771039999
3.4880025473692005
-0.07825724262110001
-3.9839902808245
1.3889238119059995
0.5322202542834
-0.15240247432800014
-3.270126727738
-1.239654645604
-4.7104808527059
3.385724210113
-1.1464187755970001
-2.4726232257089995
1.273095575371
-1.957242253434
-3.2670030837470003
3.738790538658159
-1.0415045664079998
-0.2550527333467003
0.9270907352290001
-6.1233186513271
0.5170805523219999
-2.782961170673
-0.8180288681741998
1.4600974316706
-5.119458277695
-0.388771701194
1.3106703427902402
0.008881540254000009
-1.370007706762
-1.821220577641
-0.832280436777
-2.7527555262311
-2.5103999049779997
-1.370007706762
-4.0792835913391965
-2.8574883813450005
-0.388771701194
-2.819697951021
-1.744449297948
-8.977994661116998
-2.169322113619
4.897968557696
-4.0588548295288005
0.4346206181661999
3.9391483418129996
14.250776466341092
-0.300330707964
0.5058711833599998
-0.388771701194
-0.388771701194
7.081050924792551
-3.045554755001
1.3965827297989999
-1.418602916112
-2.151251443604
123.21904401925752
-1.2683434160150002
-0.388771701194
-3.1896536720410005
-2.337442360867
0.6262958524139999
-0.5940586309955
-5.161941104472
-5.9680805023230015
1.925134219846
-0.528376939101
-8.001176578439
9.77493733557335
-2.0606516479056003
-1.2653066279651999
-2.9607497481506995
-2.9095507021340006
-21.267738601446823
-2.7313229099704004
-1.1157157117135004
-1.4873619132970002
-1.8689720291434
0.1294275314467
0.10438558708720003
-0.617013699371
-0.9705141182507
-5.878627498247
0.6716037744165001
-2.441868709883
1.1437748135836001
-0.13136939600100012
-1.0983046492643898
3.823378150946
0.7386678203489999
-3.3296597556794
-0.6004469898319998
-1.1097221258935
-0.388771701194
-0.28405038181200015
-4.33282889780135
3.0976862780873997
2.0133529044035
-5.511144111540999
13.945850057378598
-1.987213137794
-0.388771701194
-5.0023359851264
-4.013856365614
-9.369619849713999
-0.388771701194
7.457274041025902
-1.370007706762
1.1443461317733101
-1.6433322760670002
1.4221993078096018
-0.5327688628290002
1.5142642445830004
3.785439590523
15.722203134107342
1.7018132737962
0.48164520170579994
-2.2014376205834
-5.238665809445701
-0.026898650489999842
0.36250487418793004
-2.151251443604
-0.18490132874420007
1.507464212339
1.144558783256
-18.9457839485256
-0.832280436777
-0.05331830575046981
8.83411743478284
-3.927234658005
-1.227548588354
-0.04793480449299975
3.5711854680209996
0.4541978198029999
7.0787052756555005
0.26310102397599994
-0.388771701194
0.004630742645000074
-1.370007706762
-3.0253172110873003
1.9117966071749999
13.959799760555455
-3.939243719516
-0.6497036183580501
-0.388771701194
-0.25988226809
3.2227435270297997
-2.254648314617
-2.942074989064
-2.775109812129
0.011464408201000031
-3.819926298923
-9.642834833114
1.6963003580063991
5.521641405684
-0.388771701194
0.24136367095599998
-3.604106304684
-1.1579352801480691
-0.712112667805
-1.9322778488119998
22.280586752577207
-3.2380018062570004
4.260484596657
-4.248207062622
-1.358367597804
0.25678619864299995
27.5948562506134
0.3309680596269997
-5.328476703908501
7.471731366276
-2.0028315483871997
1.0780010272860001
0.642833267626
-3.777925549347
-13.134337924653
-4.4153295909559995
1.182963540871
-2.732585433544
-0.388771701194
2.8792731520335
-20.67684428160699
2.986819172373
0.9220446414340002
-2.6235403895741003
-7.4537171529125
0.8468370606660001
-0.388771701194
-20.891404590716256
4.68686774915305
-8.513626753953
-0.388771701194
-3.1478710608535003
-0.388771701194
-1.700077927492
-0.832280436777
-0.025980547587000302
4.119075325790905
0.4969207592170002
-2.2774296232400006
-1.730977027644
-6.056962909406721
-1.265371092404
0.5238402519581197
-1.121536220698
-1.016026142136
-5.1638484655345
-0.388771701194
-20.463704072480123
-0.828194216851
-5.846126394281001
-1.702387195748
-1.132611144741
3.5112641285528996
3.8247823365294003
-5.946253761158
-2.907485091283
-2.833999007996
-0.6798088774213203
-0.9681178544569999
53.393965553628675
-0.934098952722
6.341435052736
-6.453352438886
-1.2876403447840001
-2.3133277843060003
-2.674668365907
-10.467841071238997
5.300256923965599
-4.020592951654
-2.9280625897209998
0.07220689973489974
-3.2705722505774997
7.848649246693999
5.663450369929602
2.214498262213
-7.6221591643145
3.3979234972865
-6.752606048237579
-23.430431199440697
-2.353275325776
-1.8898599094929989
-2.262227348428
-8.547274677858002
4.810807267212999
1.4442903683802002
-0.7411649863880002
0.9931372686681996
0.302495634987
13.791481642010936
-3.8658498378597
8.83411743478284
-1.370007706762
0.26310102397599994
3.5711854680209996
-3.939243719516
7.0787052756555005
-0.388771701194
1.9117966071749999
3.2227435270297997
-0.04793480449299975
0.24136367095599998
0.004630742645000074
-0.25988226809
-3.0253172110873003
13.959799760555455
-0.6497036183580501
-0.388771701194
-0.388771701194
-3.819926298923
-2.254648314617
-1.9322778488119998
-9.642834833114
0.25678619864299995
1.6963003580063991
5.521641405684
-2.942074989064
-3.2380018062570004
-2.775109812129
-4.248207062622
0.011464408201000031
0.642833267626
-3.604106304684
27.5948562506134
-0.712112667805
-1.358367597804
22.280586752577207
-1.1579352801480691
4.260484596657
0.3309680596269997
-2.0028315483871997
-20.67684428160699
1.0780010272860001
-4.4153295909559995
-3.777925549347
-5.328476703908501
7.471731366276
-13.134337924653
-8.513626753953
-0.388771701194
-0.388771701194
0.9220446414340002
-3.1478710608535003
-2.732585433544
2.8792731520335
2.986819172373
-0.388771701194
1.182963540871
0.5238402519581197
-1.700077927492
-2.6235403895741003
4.119075325790905
4.68686774915305
0.4969207592170002
0.8468370606660001
-0.388771701194
-7.4537171529125
-20.891404590716256
-1.265371092404
-2.2774296232400006
-0.025980547587000302
-1.730977027644
-20.463704072480123
0.25678619864299995
-0.832280436777
-0.388771701194
-1.132611144741
-6.056962909406721
-1.121536220698
-2.833999007996
3.8247823365294003
53.393965553628675
-0.828194216851
-1.702387195748
-5.1638484655345
-5.846126394281001
-1.016026142136
-0.6798088774213203
5.300256923965599
3.5112641285528996
-0.9681178544569999
-0.934098952722
-2.3133277843060003
-6.453352438886
-5.946253761158
-2.907485091283
-2.9280625897209998
-3.2705722505774997
-1.2876403447840001
0.07220689973489974
2.214498262213
6.341435052736
-10.467841071238997
-2.674668365907
5.663450369929602
-4.020592951654
-7.6221591643145
-3.8658498378597
-6.752606048237579
7.848649246693999
-23.430431199440697
13.791481642010936
0.9931372686681996
-2.353275325776
3.3979234972865
1.4442903683802002
-1.8898599094929989
-8.547274677858002
0.302495634987
2.940152098784
2.0710949380330006
-0.7411649863880002
-2.262227348428
1.229973902833
4.810807267212999
-1.12486659615296
-3.989081138475
-2.696116102462
-4.825256913404
1.765322058858699
0.9345427178416802
2.183993839646
1.716613696423
-17.071599319595602
-2.5838305917320006
-10.996969096644797
0.19137821508375996
-0.06930654389
-0.7114585955500001
-0.3553101876100001
-3.2376142862170996
0.443508735583
-2.830710719009801
-2.919897947084
-0.388771701194
-2.6826732841300003
-1.159269352523
1.3937913694258002
1.417406284996
-0.15766839633340002
-0.388771701194
-0.8767557399100001
-6.8527609482035405
-0.9121047774406
-8.673207419126399
0.46966115355500104
-1.259466623779
7.79378714616
-0.15766839633340002
-0.388771701194
-1.043694902129
0.9053029466860001
-10.664293377111026
-0.08687590074600005
0.25678619864299995
2.800352686152
-16.751585941750598
-3.604106304684
-4.546553523252
-2.314805110405
-1.618353021801
-1.397906268926
1.1997051300894999
4.1262186974396
-2.4723788169870002
-2.3985377424139998
-6.143248648207
25.146643984857132
0.662782189926
-17.70195971385275
4.482033924037
-6.721760918147
-0.832280436777
3.4348916214607996
0.08804430339699992
1.64509403639843
-2.6364639307801996
-0.832280436777
-5.496270780106549
0.3421720345479996
-10.104900819975999
-5.801494057030201
-4.818813883841
-0.95124235381
2.587769389086
0.8340343312274994
-5.04932779726
-3.573288972665
4.173741875406
3.1791583956263
-3.7873229620449997
-0.968244794193
-0.388771701194
4.877843381249999
7.853234098283899
-1.357016495387
3.972606703496
2.94128701036578
-6.9046048044023
-0.843445958505
-0.388771701194
-6.971262051578001
-1.9355742983639999
1.4414044803010002
-3.9246911240489992
-3.604106304684
-0.832280436777
-2.302973510726
-5.194279614233
1.10385713793
-4.8749325930733995
0.12657747700400007
-3.5905500210196
-4.64092960059598
-0.07967479046034998
8.05750435404325
517.3241587758972
-1.239654645604
-0.6197487281281999
-0.12340728238100007
-1.156551406113731
-1.1416200466370001
-2.116747165698
14.690179229245999
9.902850312460998
-4.679622230430098
-2.5068239117374
-6.512684316431
-7.714239184032
-6.3424253131265
-10.147686814406303
0.16774412090129975
2.03009394976503
0.019556439868699982
-6.513068521521201
-8.232355575869152
1.7208639122368004
0.8243991308560001
-1.9312019736930002
-0.08051626694100006
0.9819646199021993
0.02657986640500004
0.6107375084870001
-11.854975512605996
-15.254362288004401
0.9785225720579999
-7.3222977577266
-1.1025897997010001
-3.954492769614
-1.2292596746864002
-0.388771701194
2.147102433278331
0.262320380329
2.6521716688377
-1.7190662158425
6.677033476600899
-3.584075098825
-0.832280436777
-1.370007706762
5.752625072323
-2.3570429077479993
-3.3682984657770003
-3.9517330321822
-0.933896789264
-0.4136998011651
2.9278293080119995
0.25678619864299995
5.9366603466761
-7.568770390784
-11.952150051094419
2.962727501566
1.7187781126030002
-21.878945166238
1.185126313793
-0.388771701194
-1.2437290892428
5.211962532782872
-0.872814824172
-1.168680287214
-4.863428039054
0.222648044501
3.238500444717
-0.832280436777
-3.6790608523374253
-0.832280436777
2.440509841701
-0.388771701194
-9.351598156901998
0.06328766452260037
1.9694326783685998
-0.7122912674921698
-1.1422162813536
-0.972534317914
-0.16283416623900004
-5.715316114929841
-0.200720579549
-3.218798268276
-1.8826937194810003
-1.370007706762
-8.06211892133396
-2.357373235264
-1.9640818727440001
-2.8153979505113003
2.854435019357
-3.1241107851889995
-0.388771701194
-2.7059000761002903
-2.0918410812779
-0.8978909866891001
-6.8352253898958
-1.554176279978
-2.305555259685
-6.848550590617
15.465066267808497
-7.528501211387001
-0.832280436777
-0.388771701194
-3.1640021759940002
-2.070959369388
-8.411526941563755
-0.7385249189065002
0.36394196358
7.61654220576508
-11.804030776588998
-18.09692825271579
-0.9974888332175923
-2.0688006081106
-1.574603266518
-1.3848590644119998
-1.134222605758
-3.0839315781680003
-5.879025006393079
-7.613794406739309
-3.2765669036280007
-1.3716000057450004
2.214498262213
-3.5050746245371704
-1.6139048427859999
-5.20624033306
-5.550831921773
5.1128544755770005
-0.6833526442869999
-1.0367170274139998
-2.9487543323309002
-3.604106304684
-2.712339985186
0.8776633195190002
1.7125074256470003
-1.984428471607
6.148576126585
-6.619433190335001
-0.2472781386489999
-0.388771701194
-2.241824152962
-6.359747558126
-0.51649064625576
3.5767132309020004
1.554946499296
-0.9963442305270003
-25.714999885041056
-1.49013255754
2.870068848356
-3.0087605472399996
-0.9461397146655002
-3.110311496674
-2.1513702526116
-4.3705895532053
0.443508735583
-2.7723701488400003
-6.88474199807
-2.9978891546720003
1.2056512693519998
4.381901009459
2.669614740414
-2.8739616121270006
-3.5928556821966002
-2.5568428486956
1.7749079436868003
-0.62756674775
-4.18006319289956
-5.309429085116001
-113.69366876175334
-0.6707199190739999
1.7521444482234996
-3.604106304684
1.9674803907589995
16.416518982461703
1.2210804463170002
1.6493984527150003
7.437242097013
-1.2202916890739997
1.170723830319
-4.457365101197
-0.10412480694949999
2.9304996429240004
-2.376223263977
1.059636708099
-1.522394849847
5.111081726736401
-2.2470820388749995
6.797911533460601
-4.6451810402005
-3.7739630066969996
2.0254734911218
4.748490929203999
-0.3323140186505
-0.046133726393999985
-5.348214828155
-3.293871665677
2.313821244175
-1.574297790352
-561.9570264212804
-0.947368927321
-7.633845154879
1.6888605207716991
-3.3539124522763992
-2.00804155722
-0.200720579549
-5.186706817934001
-1.788923019835
-2.6091613507369003
-1.038974763742
2.420137425628
11.450361074438781
-2.78267656860377
-3.6846037495197996
-6.819440908174
0.9185014434009999
17.824780064809588
-1.7830049121818998
-8.902402921227079
2.6427668622387
-8.861654115751
-5.987449192394599
-1.7397926970270001
-1.9130074304452003
0.8003157245400003
-2.39104536202156
0
-0.388771701194
-1.304357506998
-0.14549520812990002
0.9868439169349998
-3.3682984657770003
-0.832280436777
5.299809862753
2.625781463893
-1.6547542640986999
-3.1024255267202845
-6.0551011910046
-0.5298748390286702
6.202328037758001
0.35551058428500015
-0.24052469196799997
-0.388771701194
-0.6902384011860001
-0.45484878243899995
-1.0449757902723997
-1.1195320322020001
-5.595438758517
0.742208145877
1.4610807233794003
-2.930027281787
-14.03461213340825
-1.090578323793
-3.1828233541759996
-4.5513096451946
3.0663544836109997
-0.606182226429
-8.691595725264678
-0.731625416255
-3.4549034629659996
-0.388771701194
-3.7739630066969996
1.059636708099
1.6493984527150003
2.0254734911218
5.111081726736401
-2.376223263977
-4.6451810402005
-1.522394849847
7.437242097013
6.797911533460601
-7.633845154879
-3.293871665677
-2.2470820388749995
-0.046133726393999985
2.313821244175
-5.348214828155
4.748490929203999
-0.947368927321
-1.574297790352
-1.038974763742
-5.186706817934001
2.420137425628
-0.3323140186505
-0.200720579549
-2.00804155722
-3.3539124522763992
11.450361074438781
-2.6091613507369003
-561.9570264212804
-1.7830049121818998
-8.861654115751
1.6888605207716991
0.9185014434009999
-1.788923019835
17.824780064809588
-6.819440908174
2.6427668622387
-2.78267656860377
-1.304357506998
0.9868439169349998
-3.6846037495197996
0
-8.902402921227079
-1.9130074304452003
-2.39104536202156
-5.987449192394599
-0.14549520812990002
-1.7397926970270001
0.35551058428500015
0.8003157245400003
5.299809862753
-0.388771701194
-1.6547542640986999
-0.5298748390286702
6.202328037758001
-3.3682984657770003
-6.0551011910046
2.625781463893
-1.0449757902723997
0.742208145877
-1.1195320322020001
-3.1024255267202845
-0.24052469196799997
1.4610807233794003
-0.388771701194
-0.45484878243899995
-5.595438758517
-0.832280436777
-3.4549034629659996
-4.5513096451946
-8.691595725264678
-2.930027281787
-0.6902384011860001
3.0663544836109997
-3.1828233541759996
-14.03461213340825
-0.606182226429
-0.388771701194
0.14961279019100004
-3.2952207864430005
-4.014683211232001
-1.090578323793
0.5947749661206998
0.3716391074639999
-0.731625416255
0.7897462740022
1.4298724333988
3.8046394425290004
4.8257286496865
2.602240744222
56.94195258008741
-6.595410253072
-1.075810385198
-0.14186048436000004
-0.46554149142219986
3.705285775376252
-17.170701923235
-0.832280436777
-3.7598018504967
5.943177136436001
-7.191466901014
-1.5599739197145293
-2.1717456276440004
-0.2781949844457001
-2.4185487805
6.64321955429075
-0.832280436777
1.2105139467880002
-8.870110357048297
-6.759627671837
2.7622890307452996
-0.45372920243660014
5.420924015802398
-0.388771701194
-1.8143189532048503
-1.80052523097
-3.5932848763656002
-0.5073062657429999
-0.2720317307080001
12.598092158206002
4.850866336582301
-2.8571448770370003
4.057881641983
6.2822071611145995
-2.30405000510617
-1.1686969983417994
1.6750631148046002
-1.3408442955354
-0.7039623667327
-1.4034683810149997
-0.832280436777
-3.4704768141240003
5.150085357636618
-1.08039570015
-3.5794684913885
-7.69731441415445
2.3697046405439997
-0.4438043147486999
-8.658746402115998
4.068496277577999
-9.29903502762
-0.7868702550946001
-0.853573969881
-4.658259281860001
-8.1130370016751
1.4088011008750003
-10.009154539155
-0.832280436777
-3.5275719026590004
-7.798152701756999
-5.959487220022551
-6.229919236509
2.549821420698
-11.373307514016094
9.385265103330498
-2.1875200751674475
1.2233268467837497
0.9053029466860001
-3.082419702609
-2.3585245273060003
0.33965658665950005
-2.5035070275326
-20.560785719271
-0.388771701194
-1.8808952055730999
-16.9209328021415
-5.029192514464
-0.388771701194
9.739663864939
0.2921755237259999
-3.2621440714180006
-1.15922704613
-10.486922339327752
-5.17478200608
-22.180398746230612
-2.0913032934732003
-2.3755313417910005
1.326289224141
-6.12925110772
-0.388771701194
-4.013856365614
-2.8919753529616
1.16344243719
-2.4537228812564997
-1.6504066245489997
-7.215054308961701
-5.076878150114
-0.9885807024250002
2.9014866188210995
3.2540453729995997
-4.390272708724
-7.5117389807032495
6.682391318711
2.4162418361466997
-2.363301945626
-1.7539798220797003
-4.903897894327
-0.17336118932599992
-3.2524069284790005
2.7742126552950004
1.967924025006
20.911597316502018
0.5103242788570002
4.7623470510398
1.614978227878
1.1658940757200003
-4.033214287922599
-2.909550702134
-0.388771701194
4.45074411820203
-5.161325283069001
-0.7866554116100002
-7.3896202424410005
16.7846087408765
-5.2277118952342
5.3092978417823
-2.231048185119
-3.4032106073177912
-8.794416806480784
-2.800881970847
-2.1917896003490482
-3.604106304684
-3.1670096927220004
-8.571703523837783
-0.5375303678717999
-0.2193872573780002
-6.6010180750628695
0
-4.0643316986179
0.443508735583
9.525782446876999
-8.1181164547492
-2.4470575532670003
0.9053029466860001
9.728030721848599
-20.811855606388466
-3.0387831559660006
-2.3515234853140004
-1.1574558227199998
-1.5841505731869998
-5.890976590911
-1.0418615965680695
-0.5313328039059999
-6.028316112964401
-4.615283486234478
-2.758464572687
2.9368489410792997
-13.424296817043704
4.5995759324779
13.1825726636135
-6.1336274913006665
0.40316995940999995
-2.6677244504119995
-2.3996174469840006
1.7416938159050002
-13.71924376669944
-0.832280436777
6.652597507303
-23.45438084784962
-0.7022459280353002
-1.73844043722
-4.279151756741
-0.5517958984289999
-0.832280436777
-11.751119245878499
0.26162153687040013
0.36500247576785044
6.069405639592473
-1.8122965864581204
9.385265103330498
-13.531073699923002
2.40967695702568
5.639372803217701
-3.427398273784
-1.7815597666509997
-0.388771701194
-2.821283958924
14.589661862935602
-6.85109569208
-1.13551116013
-0.8558352793391699
6.231114991639
8.367932820765601
-3.9092414978149996
-3.2035732268399997
5.1273826965116
-3.9092414978149996
-4.5940502424661
-3.604106304684
7.147342916197
1.0287826362565
0.25678619864299995
-1.343916244084412
3.5831705804559992
-27.74399152438944
-3.136879010495
1.2850973585449998
-3.596077863693
4.1343410033465995
0.7997164356909998
-7.90493439426
-5.553367452964
-5.663060116742001
-10.176596386052488
0.19735914051098155
1.9371762232129996
-3.487205091475
-10.473166036808
-6.748569143622749
-7.554035493529
-1.370007706762
-0.515548039444
-2.9408574870488167
-3.3640156549500007
5.5742288668630495
10.973238542166
9.240327923445
-0.9445243275099999
0.6242495005813002
3.497414348904
-22.571196113910794
-5.9290864922590005
-10.9080982261057
-22.312973534287003
0.9510756190017999
-2.212123413967
0.8398494790590005
-0.7775434023879999
-1.024261979307
-1.0616714867960004
-0.515208334574
-3.6360140123935993
-0.933622998573
-0.6109262428986
2.0916390331501002
-3.869115847937
-5.268293681961
-4.926904356809
-2.4537228812564997
-5.8960071746930005
-10.6521458390543
-0.9191756992515
-2.7337201247249996
-27.41604347400012
-2.823862792779
-2.102201352175899
-4.855032342912
-4.389978690038999
-10.291941036819
-1.39622908869
0.015532369091999954
-4.0599913491294
-7.175992637460602
5.2901267782813
9.0036172796103
1.515538117286
-5.550221077514999
-10.2407127539645
-4.071570659220001
2.990781527815
-11.8520440713395
-0.864348538903
3.298450242450999
-7.6968920659787
1.51354140464696
-3.325213526474
-1.355393442509
-1.7641546943211597
-2.869286185094
-0.20307306609856002
-1.102714575195
-3.4662543241876
-1.297548412309841
-4.047615040267
1.3095167957829597
-7.44563048406
-4.98616769582
-0.832280436777
0.7935943417107998
-6.807648707361001
12.427249784963
-21.138435473938397
-6.091687663863999
-18.91548037611102
7.2517632181408
-0.388771701194
-5.992671084832
-6.634320186507001
-1.855891637705
-22.728411277281374
-76.12614487043437
-2.843156034065458
-2.944060682253
-12.824827115389242
-1.5722233931393002
-4.262133165379999
-2.2533335753080004
-10.472501606994
-1.648093435564
-0.44423173406500005
-0.388771701194
-0.766990322292
-2.462956534278864
-3.5609083807952007
-8.49808404478764
-0.2004522380804003
-1.1332290939601002
-0.15862032539200055
-1.413312576834
-6.578237393935802
-3.4338077212505
-3.8864405405513
-8.245277632334
-1.6003395925569999
-1.456479625574
-0.9142969367339999
-2.8048264631479993
4.558041919285869
7.734340186803731
50.30535539084505
3.9527686993889994
-4.013856365614
-3.88771701194
-3.701554174888
-1.896936387024
5.987597343730999
-20.064149048359603
-21.115157133485997
-2.693229954928
28.6979003988876
-1.481544964602
-6.50076881031
-1.7019451143039999
-2.8416655990439996
-6.988102767853599
2.9029634964683697
14.593122412602824
-1.0045159962981993
-13.1801304759963
9.659687343323746
0.7758048256827506
-13.0002308098228
-0.689102409158
0.227739167312
-4.8044090130214
1.557287526806
0.249633626482
-5.0715990378042
-3.331257107439
559.9090066526802
2.183227985009
-5.9034596862886
-10.141363604696
1.227158989926
2.313957209536
5.469340959536961
0.02556292522600001
6.498797832906149
3.0770472780242
-0.01878095778300004
-1.6754967069139997
-1.0199740081725
-14.414842523510004
-9.311819068457124
-0.8194800883439999
-1.249748437640133
2.063312634546
1.9246869183294402
-2.4501016500127
-1.648093435564
-5.5373007117578
-8.968392578111281
-2.8829526002179
2.313703146591
0.9755833354610001
7.714325362873
-4.917298905282001
-0.13359616149699965
-0.7500315007591207
-6.712274316998539
-6.728441074956801
-0.388771701194
-1.370007706762
-11.925843738163001
3.4621983787542074
-0.388771701194
28.6979003988876
-1.7019451143039999
-21.115157133485997
-6.50076881031
50.30535539084505
-2.693229954928
-3.701554174888
3.9527686993889994
-3.88771701194
-6.988102767853599
-2.8416655990439996
-13.1801304759963
-1.481544964602
0.227739167312
2.9029634964683697
14.593122412602824
-1.0045159962981993
1.557287526806
-5.0715990378042
0.249633626482
-10.141363604696
-0.689102409158
-13.0002308098228
9.659687343323746
5.469340959536961
-4.8044090130214
0.7758048256827506
-5.9034596862886
2.313957209536
-1.6754967069139997
-9.311819068457124
559.9090066526802
-1.249748437640133
1.227158989926
-3.331257107439
-14.414842523510004
2.183227985009
-0.01878095778300004
7.714325362873
6.498797832906149
3.0770472780242
-2.4501016500127
-0.8194800883439999
-2.8829526002179
2.313703146591
0.02556292522600001
-1.0199740081725
-4.917298905282001
-1.370007706762
-1.648093435564
-0.388771701194
1.9246869183294402
0.9755833354610001
-0.388771701194
2.063312634546
-8.968392578111281
-5.5373007117578
-0.7500315007591207
3.4621983787542074
-6.728441074956801
-0.13359616149699965
-6.712274316998539
-11.925843738163001
-29.535029362038138
-0.388771701194
-4.25483490168
-7.040278105333249
-0.9284003700300001
0.7720237731053998
0.07383027898179995
3.945885611706
-11.136249636614
-1.971067460838
-0.607951160719
-23.025906500322648
-18.104009667088498
-4.146921002264401
4.536602989305
-0.388771701194
-2.5624099378049996
-8.737267725911998
-0.388771701194
-1.70715969887
-8.9143148695924
0.4743903742839201
-3.7346347003989995
-1.370007706762
25.77434352432084
-3.4389295578574997
-3.3197121342139995
-1.6959283399215999
-5.709257446179294
1.4840422353267195
-4.804625571780748
-3.99782320680262
-24.83679493358008
-3.0096505312173996
-8.016510799826001
0.25678619864299995
-8.429128764572999
-2.9134221597270002
2.9397325604687348
3.5523904425751995
-1.154420396371
19.123315649207743
-3.4529506983469997
2.420300476925
22.353144886612004
3.9772662091070003
-0.30517267506529977
9.189906849502961
-5.081927688577
-5.895798398848
-0.388771701194
-2.81891543614
-4.684828745787
0.8364363682659997
14.700589934193848
0.008386179192999887
-10.563815941670914
-44.782551400429014
0.4563955316319999
1.7452650868430004
-2.010065981778664
-1.5637949877767001
0.008386179192999887
-3.3847204992030004
-1.670705547417
-0.6145206302267001
-0.6970498411780002
0.8896784852730002
4.881961830646
-6.121494798532352
-9.121105707133399
0.4991447436630002
2.2155387094627303
-0.388771701194
1.7837196219325748
2.587769389086
1.6546561600251002
-8.57242615968251
-2.6051886842408005
-10.510484997578699
-6.116706499976
-1.3864400461668995
-6.3887810168165
9.237086116522198
4.33068013613195
-24.341292821032297
-2.7774114708549
-0.832280436777
-0.388771701194
2.347310593933
0.17910836713099998
-3.8393618359489996
-0.388771701194
-3.1067411233286792
-1.8729434766852
-2.6975185716400008
-3.604106304684
-1.4951274806420998
-10.244119361541001
1.9210751016164
7.812310186944995
-3.276059545304
0.9963584438946
-0.575706293339
-8.794565773875599
-8.386356549245
-5.797942834325001
3.8698785043495003
-0.832280436777
0.32010145320199995
-3.912095204487
-5.961999823003548
-0.832280436777
-3.0827045441629997
3.9504118210043995
1.484400583146
-1.4468417818248
-2.066760101558
2.037328814255
-1.0794545798903
-4.454678335102
7.5416796378276
5.5907725128138495
3.0770087891661295
-3.1891201389100003
-12.3795511867902
-6.703048206096
-7.73623597377
3.0908588950059994
-2.427970572274
3.610828015902299
4.796849625596
-7.315603228638
-12.177937838510001
-5.258118003034
-5.65084335878877
-3.7140276833786006
-1.7702922873589007
1.0407536545550002
-7.278885710421
0.15913629700376003
-2.8810641276694
1.6725407517358342
-0.08972358909199996
-0.5819636118418996
-0.33648568343299995
-1.15532040753
-2.4412966502040003
0.5131750536069999
-5.3091747344246
-7.0466885584822
-3.2000011637750005
3.1405652396379997
4.5856701844178
0.5339170838901001
0.42311250953610013
-0.705336121968
-0.388771701194
-0.388771701194
-11.0929909714451
-2.3212380201558998
-0.22070539789
0.4071193750820001
-5.161777142603801
-0.36515694434510004
4.5493085854768
-3.0930210430810003
5.101618033062
9.180380073024
1.8145811985567
-1.7878124451100001
-12.410383997548468
-1.0309310288929998
-5.684745337542
-14.5404656282946
312.66945695575464
-0.5073062657429999
-7.459708586505499
-12.674737238799398
2.2376061467510002
8.6275862308599
-0.25652925521700004
-4.6422189510530005
-10.384089685892063
-0.8555437024696001
-7.818949312889
7.283231592114661
-0.4855715888190005
-0.8475818632557004
-6.389596623116998
-5.718548489707999
0.452765056407
15.281452360124138
-1.3114918296751998
-1.803864803233
2.2991407985709995
2.036656943071
-25.343962779832403
-2.357373235264
5.491725007039
-3.2211515172849996
-2.152118050394
6.82789934120825
-1.5471373942739999
-0.9136655029375
-0.832280436777
8.303420743844999
-3.604106304684
7.185423982505451
0.27467632571699996
-0.388771701194
-0.388771701194
-1.9364760981480003
-2.886128004367
47.43959193667739
-1.768570711864
18.050352150905706
-16.88073428107875
-4.855026187212038
-1.4909206108874002
7.470423992661621
-0.48038758890750033
0.315732765587
-7.931201313064401
-3.7541203458164
6.068414552739
-1.3035089446957
5.363176505136
78.9557868568664
-1.241766000594
-29.159061042169654
0.25678619864299995
-2.053332574748
-7.053124724005
-1.8239973121630002
-26.3525463328447
-0.5130647924421999
-1.92134194515417
-3.4245672000575995
4.639444322272498
-3.623493576135
-4.413018533154
-2.555823712118
-0.388771701194
-3.089609512032
1.711274854139999
-4.9567631326334
0.8291286928770001
-0.832280436777
-6.1194348114338
3.3544563254385
-2.1130214941270005
-5.393522339907
31.707959244190594
2.246315115465359
4.315397069436
-8.324188566608
-16.0514553096187
-7.6081948294024
0.49786546476199994
-5.973535442260099
0.6885630228109999
6.1129790220704
-0.969657889312
-2.3212432789878
-6.947506892764
-0.09864479337769971
18.4016983456164
1.850955423554
-4.013856365614
-0.28465408668490033
-2.30353542143272
-3.604106304684
-2.420617954194
-0.6707798906599
-22.326712006325998
-2.9660728387268
2.24417769411071
8.032754978486798
-12.305791923966748
0.16313737921229432
1.4843723165810003
-9.931535345282487
-1.648093435564
-3.288337483991
-2.1301619847920996
-4.080991025847
4.447123817777499
-3.4438547226520004
-18.433155661668444
-7.863562078892
9.187326616307402
1.6144046553948805
-6.222299955404
-7.5194087242570005
2.8669974995950303
0.961975878286
-0.832280436777
-6.082178110647001
-5.158280458592
-4.5278675757830005
-8.444819818119301
-1.3412943146131
6.317916733685
-4.349703843066799
-0.20406317968800003
-2.376404964713
-0.11388564790399991
-1.15532040753
-1.289443905235
-0.14198608912599997
0.798513642436
32.00617080614324
-5.233784537390999
-0.388771701194
1.4537663418383997
3.67021946343
-0.5073062657429999
-6.7458301324357
2.7640089940992003
4.972030990602999
-2.1832887428385
3.200501593573
-0.08275605489900029
-1.370007706762
-9.500682905629
-1.414684660068
5.7599191798781995
7.2840557413188
10.55094362581
2.07851249945142
-2.190891466705
3.1485029126457995
-1.0895832387639999
7.73483791278183
1.417025281689
0.2929404492632333
-1.071457447933
0.16989093616849998
-3.5520352849499996
-5.1207825913726
-4.55503328902348
-0.388771701194
-25.642714997289495
16.6641068871087
12.201757012000499
-2.5811106945465006
-3.7794164576540004
1.5705826811444001
0.5388879315851998
-5.2806867613440005
0.32010145320199995
-6.6175147534357
-0.4780859211392
-0.16649789716399999
11.4261281259571
-1.0693353218400001
1.6244177631128
-2.1092045898028
0.06699275587209996
-63.00379638987282
-2.86120246103
-4.0028286030930005
-4.24885061777576
-0.388771701194
-6.9790475282868
10.83236739436039
-1.3060429649257599
2.014724645559
3.8487080773082
-12.19645097137456
-10.069250581152886
0.1960639392118002
-9.310999393844998
-1.9060854133340004
-2.775018482152
-2.6378694025279996
0.4135268270913137
17.656271255214737
4.045000377966001
-2.433370344947
-0.388771701194
-0.8625249928876
-3.5161602765427995
-8.742185456933
-3.4910582326
1.330492817025
12.1146986325953
-8.21790871631805
5.278852036393329
5.245702506592901
-1.648093435564
2.9920988024105997
-7.720050835468999
-2.3587598042080002
-12.685764677546
3.957052216189749
-1.9676829348139997
-31.253042569371686
-0.5814490374420002
-3.3143332945129997
1.423752589628
-5.273178099984
2.183634945826999
-0.5758258587839999
-1.369494242795
18.7950093086347
-1.5766847961180002
0.115712585343
-2.3506698619564
-7.401996356861901
-0.587375535299
-3.42105361068
1.493358682073
-2.1959726068579997
-2.931907362071001
7.352500808240399
3.586498447316
3.9193238647143995
-0.388771701194
-1.36534466051832
-3.5388888010170003
-3.8725323221379995
0.49786546476199994
-0.09864479337769971
6.1129790220704
-2.3212432789878
0.6885630228109999
-5.973535442260099
-5.393522339907
-0.969657889312
31.707959244190594
-1.370007706762
-22.326712006325998
-2.9660728387268
-2.420617954194
8.032754978486798
2.24417769411071
18.4016983456164
-3.604106304684
-6.947506892764
-2.30353542143272
1.850955423554
-0.6707798906599
1.4843723165810003
-3.288337483991
-0.28465408668490033
0.16313737921229432
-2.1301619847920996
-4.013856365614
-3.4438547226520004
-9.931535345282487
4.447123817777499
-12.305791923966748
0.961975878286
1.6144046553948805
-4.080991025847
9.187326616307402
-1.648093435564
-0.832280436777
-7.5194087242570005
-6.222299955404
6.317916733685
-8.444819818119301
-18.433155661668444
-1.3412943146131
2.8669974995950303
-0.20406317968800003
-7.863562078892
-0.11388564790399991
-2.376404964713
-6.082178110647001
-4.5278675757830005
3.67021946343
-0.5073062657429999
-4.349703843066799
-1.289443905235
-1.15532040753
0.798513642436
-0.388771701194
-0.14198608912599997
-5.158280458592
-2.1832887428385
3.200501593573
32.00617080614324
-9.500682905629
-1.370007706762
-0.08275605489900029
2.7640089940992003
1.4537663418383997
-1.414684660068
-5.233784537390999
-6.7458301324357
7.2840557413188
4.972030990602999
2.07851249945142
-2.190891466705
5.7599191798781995
1.417025281689
7.73483791278183
16.6641068871087
3.1485029126457995
10.55094362581
-3.5520352849499996
-0.388771701194
12.201757012000499
-5.1207825913726
-25.642714997289495
-4.55503328902348
-1.0895832387639999
-0.4780859211392
-6.6175147534357
-1.071457447933
0.5388879315851998
11.4261281259571
0.16989093616849998
0.32010145320199995
0.2929404492632333
1.5705826811444001
-5.2806867613440005
-1.0693353218400001
-2.1092045898028
-4.24885061777576
-2.5811106945465006
-63.00379638987282
0.06699275587209996
-3.7794164576540004
-0.16649789716399999
-2.86120246103
-9.310999393844998
10.83236739436039
-1.9060854133340004
2.014724645559
1.6244177631128
-12.19645097137456
-6.9790475282868
-4.0028286030930005
3.8487080773082
-0.388771701194
-0.8625249928876
-2.775018482152
-3.5161602765427995
-0.388771701194
-1.3060429649257599
4.045000377966001
0.1960639392118002
-2.433370344947
-10.069250581152886
-8.742185456933
0.4135268270913137
5.245702506592901
-3.4910582326
12.1146986325953
-2.6378694025279996
-7.720050835468999
17.656271255214737
1.330492817025
-8.21790871631805
-3.3143332945129997
-1.648093435564
-0.5814490374420002
2.183634945826999
-12.685764677546
-2.3587598042080002
2.9920988024105997
-31.253042569371686
3.957052216189749
5.278852036393329
1.493358682073
-2.1551901435270002
1.423752589628
-1.9676829348139997
0.115712585343
-2.3506698619564
-0.5758258587839999
18.7950093086347
-5.273178099984
-1.369494242795
-2.1959726068579997
-2.931907362071001
-3.8725323221379995
7.352500808240399
-0.587375535299
-3.42105361068
-1.5766847961180002
3.586498447316
3.9193238647143995
-7.401996356861901
1.786286269094
-1.36534466051832
0.008540865568829955
-3.5388888010170003
3.6881173105264
0.904642050376
-0.388771701194
-5.21694613630608
-0.6295862462862498
-2.0615816791170003
-1.638640607914
1.6195245948930002
4.100547423773651
6.12298453937
2.3956132360065614
-1.657027857209
-0.5005277789712499
0.9755833354610001
1.218547820137
-3.1394395321203
22.634126332147158
-2.163084954507
55.61625391572974
3.5813521614780006
-7.731341827425
-1.454773237126
-0.3005526406968999
-1.3812478073956003
-3.260653056029949
5.324998283028401
-0.28409815859800003
-2.2149664603840002
6.32961873414
-7.603921825257
2.238600429662
1.5796188242512006
0.9832285750804743
-1.2611837762248
-4.769483504917
-0.7584515980751
-6.491195099526
1.405762883442
-20.6877770112211
-2.6751480911009997
-0.388771701194
-1.0400158005696
-6.47565293217
3.2661844421553
-6.4663043780688
10.36266534859575
-3.5513928328465
7.225018969434714
48.44255237089158
-7.1215857086395
5.513981094875209
-2.289622598837
-0.388771701194
10.126628109482201
0
-1.8759241718720001
-3.6419219427700003
2.31237738710715
-1.6116149870032002
-14.383584651600213
-0.388771701194
-0.6609118920298
-10.681707861761602
349.605811494571
-0.421261553771
10.609118810063073
-1.2260636954620001
-8.955436298019
4.8778258053815
0.7785960845035
-1.638640607914
2.024648963148
-0.388771701194
7.6635312147558
-1.9399916943470001
21.787515756193102
-2.0898634766465505
0.4675848797190003
-3.0009206670236397
0.010734542769500005
6.635225930241501
-0.912911613523
-0.12377989918499999
18.422055035774736
-1.3121752769800001
-0.6221651304639999
3.467300977731621
3.128783608753
3.318054584386
-1.370007706762
-0.35401878768399997
10.254289519390204
-1.9422439826749998
-1.259442131434
0.137329102155
-6.976264116812571
-4.4349387668288
-2.7979929049025
-4.649500780218
-2.1392939885542
-7.741949340926199
-12.17693265567515
91.64635046915976
1.2013074931694
-7.675604226537001
-0.7777471703354
46.40871164237354
3.9199561385444
-9.393423572243
-1.889312323103
-0.388771701194
2.3967896181629995
-0.388771701194
0.25678619864299995
-1.9953073085880004
-4.299180837125
-1.135092468802192
-1.0792158709149997
-3.0878973867900004
-50.13585604877122
-4.9693313192319994
-0.007564257221199772
-5.81546651067
-0.388771701194
-2.2826656508410004
-3.1712028191956003
-10.961898007411001
1.7900518203619997
-1.5494438519915001
-5.86893363299234
-0.916314360909
0.41640785683400006
4.815247570025396
-14.87886431248035
-1.7095445712019997
-0.03448056133599997
3.6326145528529996
-0.3961354787411997
4.116041197432638
-7.3596025233310005
0.23579719774999985
-5.9311129030170004
-1.5320741276354999
0.6832345718029998
0.749390637271
3.4881555292960003
-1.3189928381587002
-4.6181786680254
10.623788150721001
0.4132871626000001
-4.7080047727998
-1.108916492258
-0.388771701194
0.3484366762911
-7.2083488288497
-5.235770231258235
-1.784884804896
0.20878410881300002
-2.7419731440101
-3.718358985834
-10.2676711383738
-11.02046990751738
-1.1714297905819997
-3.0528524111795
-0.2916901986440002
1.7330940235759997
-0.18672253694000007
-1.957242253434
-4.013856365614
-5.322301040222
4.5547227559720005
-3.3048827927712003
-0.018916356144000057
-0.09630826376499996
-0.388771701194
-1.5455743127130999
-2.8791898394126
-3.2969826020431
1.839527848675
4.747461104556
-0.388771701194
-0.70262044482617
-4.101842946210001
2.5196874516388004
-0.388771701194
-4.158355639438
3.9391483418129996
-1.370007706762
-0.537727269985
-2.0670184286180002
0.7723560673500003
8.492017566032
-1.55959370177
-0.13695787311550034
-13.785615236637602
1.6081965906799995
-2.019200432789
-2.8093282828960002
-0.366029661994
-2.415838255484
0.6215822778929998
-1.2249947058675001
3.5611559906259997
-2.2686613068733994
-3.064426663829
-11.688008674823948
0.2831813535489002
-41.38718186215871
-12.723331295948
-0.08905588426620004
1.0203925159677998
2.1345471689290005
-3.286605179947825
0.7320402611643999
0.05001564363900002
-1.0820629037000005
-1.9328953134150078
-2.474774442965
-0.388771701194
1.8557375230909998
-0.06590700930849985
3.7112065486450003
0.39571969419237984
-0.12564975186436955
-1.016093075753
-7.486370153663801
-0.37610239198499995
-5.1155057010460006
-0.643886005398
-2.137895286291
-2.2915596017500004
1.288619213966
-4.396505854419
-0.388771701194
-10.652816864396991
-2.375953771314
-3.604106304684
-5.062623287669001
-8.235175498750701
-0.16173324333799988
3.4395291359197793
-0.10451434573159979
-4.380613941888999
2.0362915370189993
0.352837682406
4.018059758262501
-10.298964284171
5.121025418887999
-5.85466323086817
1.2932722564260004
4.7018140327182
-4.452919848392
1.6821584293289498
-0.17818432813899998
0.08804430339699992
-1.9552490010744
-0.388771701194
-4.500716579914
6.130544428885999
-1.3570164953869999
-0.654200995984
-0.449198193212
-3.604106304684
-77.06852757984107
-8.859075915499998
-11.909145480699799
-4.976134981082
2.245636437681
1.813856197666
-0.25697953978000004
-2.566683249841
-1.148291526938
-1.0965158573565001
2.4385062380380003
-25.230479073216202
-1.6580973626560003
3.095626620344001
-1.443986712911
3.6286555583527997
-3.1405254130511002
3.2998786525
-0.388771701194
-1.433171146854
-0.388771701194
0.6520480914850002
4.380749560929
3.672710804863
-35.294676137459994
-2.2328577817940003
-2.9244600629793
-0.5127387108670001
-3.864394210027
-0.388771701194
-1.3749187513796999
0.9472137514279999
3.0077526823678
-4.235812214417
-0.09939691308700022
0.1630703642702
-4.396191668119
-3.748298894348
-2.35274450798445
9.01561261131033
-2.003386779236
-6.918467830885999
-4.452919848392
-0.17818432813899998
-4.500716579914
4.7018140327182
-1.9552490010744
1.2932722564260004
-0.388771701194
0.08804430339699992
1.6821584293289498
-0.654200995984
-3.604106304684
-1.3570164953869999
-8.859075915499998
6.130544428885999
-4.976134981082
-77.06852757984107
-0.449198193212
2.245636437681
-11.909145480699799
3.095626620344001
-1.0965158573565001
-25.230479073216202
1.813856197666
-2.566683249841
2.4385062380380003
-1.6580973626560003
-1.148291526938
-0.25697953978000004
-1.443986712911
3.6286555583527997
-0.388771701194
-1.433171146854
-3.1405254130511002
3.672710804863
3.2998786525
4.380749560929
0.6520480914850002
-0.388771701194
-0.5127387108670001
0.9472137514279999
-2.2328577817940003
-35.294676137459994
-1.3749187513796999
-3.864394210027
-2.9244600629793
-0.388771701194
-4.396191668119
-2.003386779236
-2.35274450798445
0.1630703642702
-4.235812214417
-0.09939691308700022
-6.918467830885999
3.0077526823678
-3.748298894348
9.01561261131033
-6.086293040421
7.968867533493
-5.604050098374563
-1.538144098576
-7.330677827464
-0.46486641479300017
-1.370007706762
-0.5633698639019997
14.215677445372522
-1.439831193099
-0.388771701194
-1.0466849217318999
-0.8778731158620201
-3.102725490284
-6.79128043662451
2.1568209229815003
5.132534918416
-0.022866579388000075
-0.27628829707699953
-5.070265586166
0.18147373202899997
3.7524538750322
-1.065673866047
-0.14101310059600003
-2.504822859577
0.7560112814618005
0.06798436559299992
-15.048892722829057
-7.414175779908
2.8772910544406
-3.169030775093699
-4.964600725444001
2.361436261621
2.8956091732120006
-0.3176640099699993
-3.244245677578901
-1.8900314890276002
24.03775253502448
-8.8553571695476
-0.832280436777
-4.003596055461999
2.0611285154551635
-2.0216294462830002
-0.5669951756366001
-4.945326644482
-2.01937040897469
-12.460008523636802
-10.277451841503499
1.017658316252
-0.6662565260600001
1.7634426726555006
-3.385710099504
4.386836037568299
6.1539425284
-7.8487894642230005
-9.481710398559398
-0.5989519241929999
-3.6709146519031615
-1.495520391615
36.95534221535991
-2.2194917685662325
0.39324334272699996
-1.305420320041
0.7117290158673003
1.5724546763661822
0.04775780169499999
12.379061739016949
-2.585061868105
-1.7631399907960006
0.03997106044200005
-6.952809166684
1.6498882641898
-4.645910844395
1.856732641795999
-1.1160291222412
-4.453916140301
-2.203081850554
-1.380490840723
1.389731418613
10.935941114777002
0.9185409682179999
0.9199081059760001
-3.928219746774
4.959175805709799
0.8572674429819997
1.587082880551
-1.370007706762
1.9817157259
-6.6288253447811
-16.449736065389445
-5.309574092671
-1.314032342537
-0.660149154644
-2.3963476777752
-1.769947579629
-8.9034462392936
2.256447541972
-8.453335639891801
-11.532842636869601
-2.596538685515
-0.42248021127050017
-0.653961902369
1.568940362376
-5.631148367841
-1.21125437884402
14.5215347239658
-6.491472946837799
3.4900044371998007
11.736730428010599
-3.0788054133091
-1.3570164953869999
-0.388771701194
3.058436866205
6.484369435678246
4.563563276230499
6.23970862428842
-3.604106304684
0.11266127243439972
-11.441539449021201
-14.3002337411821
-0.11556104114090004
-0.213466379426
-2.15212129668
-0.388771701194
0.5393409627736001
-5.793307883564
1.6294584542302
3.56132500526
-1.549961471108
-2.6105029531391
-3.604106304684
1.520784628271
-0.10544523475500023
1.76946187692972
-0.832280436777
2.4180448733900004
2.8055456213560004
-2.456401127937
3.245475837275999
5.972355900926
-3.0096339377749004
-8.9878174231405
-6.005502650537001
2.4092580298979995
2.4605968477848585
-7.082313679433001
3.0798397490880003
-3.4615728119600004
-0.547228220487
-1.370007706762
-3.5183940813440002
-6.65616004905974
-4.1991677776152
-5.1721964328096
-0.16964577748500004
-3.5436582090174005
-10.401545969595901
-7.262877202864
-3.3960250914379997
-0.637545193222
-15.906988798661398
-5.253589901342
-2.327722947993
4.592550107194151
-0.8178644675069999
-0.388771701194
0.7762675452500001
-1.6243818151669998
0.3285979503190001
1.140165465676
-4.317939315807999
5.199546435643
4.12324156367257
-1.0108550737670001
-0.7644344731046999
-3.604106304684
-0.388771701194
-4.634755555747
3.002972610016
-3.092417368829
-1.688140426752
-5.045043286192099
-1.2059719569810001
0.7219920518460001
-0.27492027935400004
-2.860159284557
0.32052397724500026
-8.7170545147358
0.8871999767187999
-1.370007706762
90.82260096511862
-1.7262167796819998
-0.38194576265100005
-8.1806595680941
28.595856037955247
-5.926715705008999
3.7621533904309015
-1.4312713238980002
4.2687537321889995
-3.6511363110846995
-2.321926821666
47.503876495049624
0.13255817281999993
1.0400940591245
-0.832280436777
2.139825009974
-0.388771701194
9.319641911197282
2.8925674374069
-23.187764289980773
-0.832280436777
-0.7621536406458149
-2.130136804919
-2.115419608195
-2.9651842307439997
-0.864348538903
-13.820703172501998
-4.960302300058
-2.7900060516650003
-3.236210723421
-0.531569570345
0.6729933956364
-1.6155017202580004
3.976111775533
-1.62453686355
-0.388771701194
0.9155198061779999
13.42110556352115
-1.3570164953869999
1.4827776094867005
-3.3544825529791007
0.9155198061779999
-6.4485538496088
-0.8361883117209998
-0.09687820223239929
5.689085247679
11.215012942167682
-10.7262913868
0.3831788838564999
-1.370007706762
-3.200958467037
-1.187285749938
0.5773070337543988
-36.56836052755526
-4.750798335524
-0.8935739855099998
-1.392769794804
-2.0537879426869
-1.767664991363
2.904785153508
0.41122177639
-2.800881970847
-1.818218648462
-0.872814824172
0.239445555895
-4.213888325851
0.059042441893899955
-1.3938450648979999
-27.8329587936636
-16.6844145525042
25.0309798497925
2.7069976054838
-3.7514798763904
-0.2717080215128
-0.832280436777
0.38902079103420006
-1.374438537605
-0.388771701194
-4.056078837291718
1.5920095620172
-7.4265104367440005
3.5173478328799996
-8.297463551386125
-2.7655720330027
-2.169322113619
-6.616132693724
-0.388771701194
-2.0513254239739
-3.7703391999719997
-4.95208796515
-1.108652874846
8.6966635224516
-9.727158567702512
0.21732134571810002
3.272790278478
-6.742871306559
-2.1451093444487
1.1794926966263002
-0.6774241527602002
-4.3404951551195
-0.06430605334400052
-2.617725565897
-18.188424517736276
-0.10650255573099987
-1.5550868047759998
-5.192473447634001
8.260489631826001
-8.13848999167512
-26.721745662747296
9.540302952308998
8.3693979278819
0.25678619864299995
-0.569565735072
-0.388771701194
0.32010145320199995
-1.5329039059069998
1.4916665676339997
14.061582441150001
-1.13551116013
-4.104070293823
-3.3256180294570004
-1.5235851442240005
-2.430559785427
1.970901666359
-0.34465470566600004
-3.604106304684
0.4950054832259998
-1.2031759478989998
0.8080349305010002
-3.117506590281
1.4548352533229991
-0.037262603493000035
-4.241320010204
5.2858125683565
-1.4162261178929998
-2.090318841327
-1.5608500227534001
5.1415575558533995
-7.3032032339785005
-1.5921181549540002
-6.833309635888101
-4.3783142681529
0.12325936068800003
-2.5359873927693997
2.5376173137841
1.2375002514356999
-2.774361978013
2.0662655462356
-5.272600412982
-4.540078271832001
-4.6532220050949995
-16.193213475485997
-1.9056759687670002
-3.0061264425518
-0.08792081444600008
